Residuals	timepoint	mouse_id
GO:0000015|[CC] phosphopyruvate hydratase complex	0.853278769379575	1.19515385838368e-08	0.146721218668886
GO:0000027|[BP] ribosomal large subunit assembly	0.697047051996507	0.302952947837822	1.6567113465503e-10
GO:0000030|[MF] mannosyltransferase activity	0.852745967386567	0	0.147254032613433
GO:0000034|[MF] adenine deaminase activity	0.494010925833694	0.483123440035479	0.022865634130827
GO:0000036|[MF] ACP phosphopantetheine attachment site binding involved in fatty acid biosynthetic process	0.729219226931327	0.270780773068673	0
GO:0000041|[BP] transition metal ion transport	0.522855338804067	0.385863981333085	0.091280679862848
GO:0000049|[MF] tRNA binding	0.443284695268287	0.556715304731699	1.35077907419913e-14
GO:0000103|[BP] sulfate assimilation	0.500667374153946	0.461264396048627	0.0380682297974266
GO:0000104|[MF] succinate dehydrogenase activity	0.821612629638857	0.178387370361054	8.89006596060489e-14
GO:0000105|[BP] histidine biosynthetic process	0.570050791611808	0.332374991072515	0.0975742173156776
GO:0000107|[MF] imidazoleglycerol-phosphate synthase activity	0.504277354473314	0.337439004499358	0.158283641027328
GO:0000122|[BP] negative regulation of transcription from RNA polymerase II promoter	0.99226040278406	0.00773959720533415	1.06063553859835e-11
GO:0000150|[MF] recombinase activity	0.581316205283536	0.288719032454475	0.12996476226199
GO:0000155|[MF] phosphorelay sensor kinase activity	0.644215090721725	0.301291219170948	0.0544936901073269
GO:0000156|[MF] phosphorelay response regulator activity	0.640784719196168	0.245824487839566	0.113390792964266
GO:0000159|[CC] protein phosphatase type 2A complex	0.933285026967802	9.71168676798401e-10	0.066714972061029
GO:0000160|[BP] phosphorelay signal transduction system	0.628693397110201	0.293971981156721	0.077334621733078
GO:0000162|[BP] tryptophan biosynthetic process	0.746966711922801	0.253033276294611	1.17825875695568e-08
GO:0000166|[MF] nucleotide binding	0.567708174278881	0.404123157787973	0.0281686679331455
GO:0000175|[MF] 3-5-exoribonuclease activity	0.834617401531163	0.125692975032212	0.0396896234366247
GO:0000179|[MF] rRNA (adenine-N6,N6-)-dimethyltransferase activity	0.481810506295542	0.515554485684655	0.00263500801980273
GO:0000184|[BP] nuclear-transcribed mRNA catabolic process, nonsense-mediated decay	0.848581458887273	0.027543816761526	0.123874724351201
GO:0000226|[BP] microtubule cytoskeleton organization	0.779089997336238	0	0.220910002663762
GO:0000256|[BP] allantoin catabolic process	0.669955355225715	0.33004464383987	9.34414378497276e-10
GO:0000270|[BP] peptidoglycan metabolic process	0.457697979210763	0.338002946956543	0.204299073832694
GO:0000271|[BP] polysaccharide biosynthetic process	0.472269153354262	0.527730846645738	0
GO:0000272|[BP] polysaccharide catabolic process	0.701632876376187	0.298367121779753	1.84406013887339e-09
GO:0000276|[CC] mitochondrial proton-transporting ATP synthase complex, coupling factor F(o)	0.883654978034632	0.0442456914058426	0.0720993305595254
GO:0000278|[BP] mitotic cell cycle	0.980963333380886	0.0190366666191143	0
GO:0000286|[MF] alanine dehydrogenase activity	0.392850007178757	0.534131866986121	0.0730181258351219
GO:0000287|[MF] magnesium ion binding	0.43111971227113	0.56888028772887	0
GO:0000310|[MF] xanthine phosphoribosyltransferase activity	0.347346251047631	0.613696084711769	0.0389576642406002
GO:0000387|[BP] spliceosomal snRNP assembly	1	0	0
GO:0000398|[BP] mRNA splicing, via spliceosome	0.761119678023681	0.0164883753127767	0.222391946663542
GO:0000453|[BP] enzyme-directed rRNA 2-O-methylation	0.396091512578325	0.570377041006967	0.0335314464147084
GO:0000462|[BP] maturation of SSU-rRNA from tricistronic rRNA transcript (SSU-rRNA, 5.8S rRNA, LSU-rRNA)	0.938480642170777	6.76369054717517e-18	0.0615193578292229
GO:0000716|[BP] transcription-coupled nucleotide-excision repair, DNA damage recognition	0.477904048872983	0.522095951127016	1.16110326624146e-15
GO:0000723|[BP] telomere maintenance	0.714839016392268	0.19092603605682	0.0942349475509112
GO:0000724|[BP] double-strand break repair via homologous recombination	0.390242761426265	0.609757238565803	7.93163059408388e-12
GO:0000737|[BP] DNA catabolic process, endonucleolytic	0.899842602090675	0.0840979679441059	0.0160594299652192
GO:0000746|[BP] conjugation	0.643880334946639	0.155877263937686	0.200242401115676
GO:0000774|[MF] adenyl-nucleotide exchange factor activity	0.481492206416654	0.518507793583107	2.39737279413577e-13
GO:0000776|[CC] kinetochore	1	0	0
GO:0000786|[CC] nucleosome	0.649383431404011	0.231633029277449	0.11898353931854
GO:0000790|[CC] nuclear chromatin	0.879982732040377	2.90042323805159e-21	0.120017267959623
GO:0000793|[CC] condensed chromosome	0.931296287824943	0.00362734332397922	0.0650763688510772
GO:0000902|[BP] cell morphogenesis	0.469024681122351	0.530975318877449	2.00276635259208e-13
GO:0000906|[MF] 6,7-dimethyl-8-ribityllumazine synthase activity	0.679686635445715	0.320313364496086	5.81996839380949e-11
GO:0000917|[BP] barrier septum assembly	0.544565260122678	0.455434739877322	0
GO:0000918|[BP] barrier septum site selection	0.584931781278314	0.387264160564784	0.0278040581569024
GO:0000921|[BP] septin ring assembly	0.800093790042269	0.199896902348658	9.30760907309381e-06
GO:0000967|[BP] rRNA 5-end processing	0.429004387914934	0.570995612082806	2.2603081089277e-12
GO:0000977|[MF] RNA polymerase II regulatory region sequence-specific DNA binding	0.86815565051852	0	0.13184434948148
GO:0000978|[MF] RNA polymerase II core promoter proximal region sequence-specific DNA binding	0.948040202794531	8.8284638932368e-13	0.0519597972045859
GO:0000981|[MF] RNA polymerase II transcription factor activity, sequence-specific DNA binding	0.796590443477507	0.0409011199871262	0.162508436535367
GO:0000986|[MF] bacterial-type RNA polymerase core promoter proximal region sequence-specific DNA binding	0.685306837655854	0.295127189902293	0.0195659724418527
GO:0001077|[MF] transcriptional activator activity, RNA polymerase II core promoter proximal region sequence-specific binding	1	0	0
GO:0001123|[BP] transcription initiation from bacterial-type RNA polymerase promoter	0.563216325755933	0.243343861488702	0.193439812755365
GO:0001407|[BP] glycerophosphodiester transport	0.74949216720417	0.227435880468795	0.0230719523270353
GO:0001514|[BP] selenocysteine incorporation	0.595362287155328	0.404578230525419	5.94823192533726e-05
GO:0001522|[BP] pseudouridine synthesis	0.58761490966038	0.393070367985351	0.019314722354269
GO:0001530|[MF] lipopolysaccharide binding	0.572140393116327	0.427859517151472	8.97322017032272e-08
GO:0001666|[BP] response to hypoxia	0.950587770444241	0.0119491782248619	0.0374630513308974
GO:0001680|[BP] tRNA 3-terminal CCA addition	0.528071588319523	0.471928411680478	0
GO:0001682|[BP] tRNA 5-leader removal	0.425196882678025	0.574803117321975	0
GO:0001701|[BP] in utero embryonic development	0.965894856180576	0.00762522632981118	0.0264799174896131
GO:0001726|[CC] ruffle	0.905226559997885	0.0947734400019164	1.98872426054594e-13
GO:0002098|[BP] tRNA wobble uridine modification	0.428778108973186	0.44814889116995	0.123072999856863
GO:0002100|[BP] tRNA wobble adenosine to inosine editing	0.63097284452633	0.36902715547367	0
GO:0002161|[MF] aminoacyl-tRNA editing activity	0.398975681577557	0.601024318422443	1.61551772355844e-16
GO:0002181|[BP] cytoplasmic translation	0.747535592686584	0.0269422511880752	0.225522156125341
GO:0002218|[BP] activation of innate immune response	0.939802123254152	0.00846829302645405	0.0517295837193941
GO:0002244|[BP] hematopoietic progenitor cell differentiation	0.789086306127407	0.0124115678592421	0.198502126013351
GO:0002281|[BP] macrophage activation involved in immune response	0.92070069686055	7.0764909974958e-11	0.0792993030686855
GO:0002935|[MF] tRNA (adenine-C2-)-methyltransferase activity	0.667185224914755	0.206739406068718	0.126075369016527
GO:0002949|[BP] tRNA threonylcarbamoyladenosine modification	0.547890344527124	0.45210965536159	1.11286192424694e-10
GO:0003676|[MF] nucleic acid binding	0.463420595161042	0.536579404837179	1.77931420950562e-12
GO:0003677|[MF] DNA binding	0.568835298781819	0.35275393757042	0.0784107636477607
GO:0003678|[MF] DNA helicase activity	0.434324814157444	0.565675185842551	4.72212081544594e-15
GO:0003682|[MF] chromatin binding	0.806960154886427	0.0920562288147456	0.100983616298827
GO:0003684|[MF] damaged DNA binding	0.54003849630703	0.45996150369297	0
GO:0003688|[MF] DNA replication origin binding	0.492856513617382	0.507143486203383	1.79234782242153e-10
GO:0003690|[MF] double-stranded DNA binding	0.347766280236073	0.652233719763927	0
GO:0003697|[MF] single-stranded DNA binding	0.4443451822251	0.555654817774721	1.79691626232923e-13
GO:0003700|[MF] transcription factor activity, sequence-specific DNA binding	0.596088144247342	0.365735047556164	0.0381768081964937
GO:0003712|[MF] transcription cofactor activity	0.570814101700412	0.377209903935546	0.0519759943640419
GO:0003713|[MF] transcription coactivator activity	0.727985003831692	0.15822703294891	0.113787963219397
GO:0003723|[MF] RNA binding	0.505270695384195	0.458397744843848	0.0363315597719561
GO:0003724|[MF] RNA helicase activity	0.53041575979962	0.306359564957026	0.163224675243354
GO:0003725|[MF] double-stranded RNA binding	0.52107195191427	0.478928048076428	9.30172579186957e-12
GO:0003726|[MF] double-stranded RNA adenosine deaminase activity	0.361892827548549	0.632182359252994	0.00592481319845745
GO:0003727|[MF] single-stranded RNA binding	0.873068949453342	1.20082641673863e-11	0.12693105053465
GO:0003729|[MF] mRNA binding	0.502983422232526	0.497016577559004	2.08469882857157e-10
GO:0003735|[MF] structural constituent of ribosome	0.619112094501323	0.380887905474332	2.43453389906341e-11
GO:0003743|[MF] translation initiation factor activity	0.51218817807876	0.487811821919835	1.40497997897104e-12
GO:0003746|[MF] translation elongation factor activity	0.908393324787373	0.0157888506736501	0.0758178245389773
GO:0003747|[MF] translation release factor activity	0.673286661935086	0.0642610669824589	0.262452271082455
GO:0003755|[MF] peptidyl-prolyl cis-trans isomerase activity	0.468517941585482	0.531482058413935	5.82768695611835e-13
GO:0003774|[MF] motor activity	0.579872193899154	0.29021321462814	0.129914591472706
GO:0003796|[MF] lysozyme activity	0.65000869646007	0.324326644354154	0.0256646591857769
GO:0003824|[MF] catalytic activity	0.624969195516024	0.322947355398293	0.0520834490856827
GO:0003830|[MF] beta-1,4-mannosylglycoprotein 4-beta-N-acetylglucosaminyltransferase activity	0.810155804911993	0.18984419409531	9.92697167353866e-10
GO:0003839|[MF] gamma-glutamylcyclotransferase activity	0.587214895698374	0.269022186361115	0.143762917940511
GO:0003840|[MF] gamma-glutamyltransferase activity	0.831559514861516	0.104122418983011	0.064318066155473
GO:0003841|[MF] 1-acylglycerol-3-phosphate O-acyltransferase activity	0.554555271902736	0.322825194120608	0.122619533976656
GO:0003842|[MF] 1-pyrroline-5-carboxylate dehydrogenase activity	0.442838385538232	0.506758981116578	0.0504026333451892
GO:0003844|[MF] 1,4-alpha-glucan branching enzyme activity	0.629101107050015	0.328042418495457	0.0428564744545281
GO:0003847|[MF] 1-alkyl-2-acetylglycerophosphocholine esterase activity	0.980973108081747	0.0190268919182527	0
GO:0003848|[MF] 2-amino-4-hydroxy-6-hydroxymethyldihydropteridine diphosphokinase activity	0.660862146267269	0.196643583472459	0.142494270260273
GO:0003849|[MF] 3-deoxy-7-phosphoheptulonate synthase activity	0.454435336692932	0.398344061033986	0.147220602273082
GO:0003852|[MF] 2-isopropylmalate synthase activity	0.600227059121038	0.291049075563842	0.10872386531512
GO:0003855|[MF] 3-dehydroquinate dehydratase activity	0.637739127125173	0.297101079921148	0.0651597929536794
GO:0003856|[MF] 3-dehydroquinate synthase activity	0.711031358526312	0.239605416225956	0.0493632252477317
GO:0003857|[MF] 3-hydroxyacyl-CoA dehydrogenase activity	0.657196983374044	0.234397237716712	0.108405778909243
GO:0003858|[MF] 3-hydroxybutyrate dehydrogenase activity	0.97359717172711	0.0264028231083167	5.16457360387348e-09
GO:0003861|[MF] 3-isopropylmalate dehydratase activity	0.489403840253842	0.257159523145461	0.253436636600697
GO:0003862|[MF] 3-isopropylmalate dehydrogenase activity	0.480409720832925	0.343357262975109	0.176233016191966
GO:0003863|[MF] 3-methyl-2-oxobutanoate dehydrogenase (2-methylpropanoyl-transferring) activity	0.893536382546482	0.0127493423418119	0.0937142751117065
GO:0003864|[MF] 3-methyl-2-oxobutanoate hydroxymethyltransferase activity	0.676304985147512	0.169489524310694	0.154205490541795
GO:0003865|[MF] 3-oxo-5-alpha-steroid 4-dehydrogenase activity	0.852699021135128	0.147300959029412	1.98354594451927e-08
GO:0003866|[MF] 3-phosphoshikimate 1-carboxyvinyltransferase activity	0.586084023114757	0.318473706387946	0.0954422704972977
GO:0003871|[MF] 5-methyltetrahydropteroyltriglutamate-homocysteine S-methyltransferase activity	0.805215581020754	0.194784418979243	3.13986881245162e-15
GO:0003872|[MF] 6-phosphofructokinase activity	0.707638509051604	0.242040841456923	0.0503206494914725
GO:0003874|[MF] 6-pyruvoyltetrahydropterin synthase activity	0.998940814387123	0	0.00105918561287742
GO:0003879|[MF] ATP phosphoribosyltransferase activity	0.526304561862931	0.303231633797424	0.170463804339645
GO:0003883|[MF] CTP synthase activity	0.574975072075739	0.425024927924261	0
GO:0003886|[MF] DNA (cytosine-5-)-methyltransferase activity	0.895630998670851	0.0872070118041759	0.0171619895249735
GO:0003887|[MF] DNA-directed DNA polymerase activity	0.563129813637508	0.403967548661468	0.0329026377010242
GO:0003896|[MF] DNA primase activity	0.606704775676894	0.239320733884197	0.153974490438909
GO:0003899|[MF] DNA-directed RNA polymerase activity	0.57901406858756	0.420985931412351	8.85642426665419e-14
GO:0003905|[MF] alkylbase DNA N-glycosylase activity	0.66996256471214	0.330037435285008	2.85205686456474e-12
GO:0003906|[MF] DNA-(apurinic or apyrimidinic site) lyase activity	0.50658066577599	0.421668696778614	0.0717506374453961
GO:0003908|[MF] methylated-DNA-[protein]-cysteine S-methyltransferase activity	0.503302018867196	0.496697981132804	0
GO:0003910|[MF] DNA ligase (ATP) activity	0.751718904905723	0.041229391185326	0.207051703908951
GO:0003911|[MF] DNA ligase (NAD+) activity	0.605366195506729	0.394633804492442	8.29537949726243e-13
GO:0003916|[MF] DNA topoisomerase activity	0.696744407064763	0.190231155211728	0.113024437723509
GO:0003917|[MF] DNA topoisomerase type I activity	0.527767159673653	0.299329638852779	0.172903201473568
GO:0003918|[MF] DNA topoisomerase type II (ATP-hydrolyzing) activity	0.656970110718975	0.319092630382881	0.0239372588981436
GO:0003919|[MF] FMN adenylyltransferase activity	0.561764279403988	0.335543021700209	0.102692698895803
GO:0003920|[MF] GMP reductase activity	0.619723237258726	0.327727003829049	0.0525497589122243
GO:0003922|[MF] GMP synthase (glutamine-hydrolyzing) activity	0.59657476142853	0.403425238571274	1.96302459732823e-13
GO:0003924|[MF] GTPase activity	0.648641631183582	0.35135836881203	4.38835208971366e-12
GO:0003934|[MF] GTP cyclohydrolase I activity	0.481367273697795	0.284760017049934	0.233872709252271
GO:0003935|[MF] GTP cyclohydrolase II activity	0.662718796501887	0.21680585029946	0.120475353198652
GO:0003937|[MF] IMP cyclohydrolase activity	0.689045661385573	0.310954338600286	1.41410546278407e-11
GO:0003938|[MF] IMP dehydrogenase activity	0.830966123136086	0.129000799010194	0.0400330778537198
GO:0003941|[MF] L-serine ammonia-lyase activity	0.562138420482599	0.422669558911282	0.0151920206061182
GO:0003942|[MF] N-acetyl-gamma-glutamyl-phosphate reductase activity	0.586668685769234	0.263209566643805	0.150121747586961
GO:0003948|[MF] N4-(beta-N-acetylglucosaminyl)-L-asparaginase activity	0.856192808245084	0.07824992557255	0.0655572661823661
GO:0003949|[MF] 1-(5-phosphoribosyl)-5-[(5-phosphoribosylamino)methylideneamino]imidazole-4-carboxamide isomerase activity	0.705317218207525	0.19108755257129	0.103595229221185
GO:0003950|[MF] NAD+ ADP-ribosyltransferase activity	0.646481721516148	0.163031705321899	0.190486573161953
GO:0003951|[MF] NAD+ kinase activity	0.390433038772828	0.609566961065928	1.61243287970492e-10
GO:0003952|[MF] NAD+ synthase (glutamine-hydrolyzing) activity	0.430391656361637	0.565863693979641	0.00374464965872154
GO:0003954|[MF] NADH dehydrogenase activity	0.448011596332686	0.510630518281667	0.0413578853856472
GO:0003960|[MF] NADPH:quinone reductase activity	0.808571452399004	0.0803836869556294	0.111044860645367
GO:0003961|[MF] O-acetylhomoserine aminocarboxypropyltransferase activity	0.748842622888357	0.250291451673156	0.000865925438486098
GO:0003962|[MF] cystathionine gamma-synthase activity	0.483736492988865	0.509301182978831	0.00696232403230401
GO:0003963|[MF] RNA-3-phosphate cyclase activity	0.923509209307537	8.89856988167521e-12	0.0764907906835646
GO:0003964|[MF] RNA-directed DNA polymerase activity	0.839360926682286	0.160639073317674	4.00590870774597e-14
GO:0003968|[MF] RNA-directed RNA polymerase activity	0.81254802021332	0.175366523602397	0.0120854561842824
GO:0003977|[MF] UDP-N-acetylglucosamine diphosphorylase activity	0.672335765173593	0.327664234826407	0
GO:0003978|[MF] UDP-glucose 4-epimerase activity	0.463898253379076	0.474223838702884	0.0618779079180397
GO:0003979|[MF] UDP-glucose 6-dehydrogenase activity	0.763308865943092	0	0.236691134056908
GO:0003983|[MF] UTP:glucose-1-phosphate uridylyltransferase activity	0.746021128319766	0.146186094418552	0.107792777261683
GO:0003984|[MF] acetolactate synthase activity	0.68217762543922	0.236637409644355	0.081184964916425
GO:0003985|[MF] acetyl-CoA C-acetyltransferase activity	0.570624139315258	0.308384495488876	0.120991365195866
GO:0003989|[MF] acetyl-CoA carboxylase activity	0.319777500341058	0.658333084476783	0.0218894151821589
GO:0003991|[MF] acetylglutamate kinase activity	0.583212140699517	0.311210174330697	0.105577684969786
GO:0003992|[MF] N2-acetyl-L-ornithine:2-oxoglutarate 5-aminotransferase activity	0.569229187922102	0.277192238576391	0.153578573501507
GO:0003993|[MF] acid phosphatase activity	0.678828683521932	0.286312120353505	0.034859196124563
GO:0003994|[MF] aconitate hydratase activity	0.425983004142027	0.44254431276587	0.131472683092103
GO:0003995|[MF] acyl-CoA dehydrogenase activity	0.615091326014282	0.176127230203395	0.208781443782323
GO:0003998|[MF] acylphosphatase activity	0.473413561718381	0.526586438281619	0
GO:0003999|[MF] adenine phosphoribosyltransferase activity	0.516284900879234	0.280280229897935	0.203434869222831
GO:0004003|[MF] ATP-dependent DNA helicase activity	0.47177401805266	0.528225981909572	3.77675032207929e-11
GO:0004004|[MF] ATP-dependent RNA helicase activity	0.623223472208068	0.178890414968432	0.1978861128235
GO:0004008|[MF] copper-exporting ATPase activity	0.788777025594657	0.0526475229417078	0.158575451463635
GO:0004013|[MF] adenosylhomocysteinase activity	0.747306142557891	0.252693857442109	0
GO:0004014|[MF] adenosylmethionine decarboxylase activity	0.845259859051708	0.15474014094393	4.36162531653273e-12
GO:0004015|[MF] adenosylmethionine-8-amino-7-oxononanoate transaminase activity	0.501337467914763	0.419063935924081	0.0795985961611557
GO:0004017|[MF] adenylate kinase activity	0.337960935577761	0.662039064422237	1.81518633488018e-15
GO:0004018|[MF] N6-(1,2-dicarboxyethyl)AMP AMP-lyase (fumarate-forming) activity	0.434944843673567	0.565055156093411	2.33022600388888e-10
GO:0004019|[MF] adenylosuccinate synthase activity	0.478684844777534	0.521315155222115	3.50894195969874e-13
GO:0004020|[MF] adenylylsulfate kinase activity	0.630765352095703	0.354420727845148	0.0148139200591492
GO:0004022|[MF] alcohol dehydrogenase (NAD) activity	0.384924369800592	0.606344188188606	0.00873144201080165
GO:0004026|[MF] alcohol O-acetyltransferase activity	0.426909194345579	0.417334861564772	0.155755944089649
GO:0004030|[MF] aldehyde dehydrogenase [NAD(P)+] activity	0.820678365420247	0.136348126068122	0.0429735085116309
GO:0004032|[MF] alditol:NADP+ 1-oxidoreductase activity	0.689024828821863	0.262974061866061	0.0480011093120767
GO:0004034|[MF] aldose 1-epimerase activity	0.729409833292174	0.238922378247126	0.0316677884606997
GO:0004035|[MF] alkaline phosphatase activity	1	0	0
GO:0004038|[MF] allantoinase activity	0.656305011362266	0.314125798482003	0.0295691901557316
GO:0004040|[MF] amidase activity	0.357838234120204	0.538577961109856	0.10358380476994
GO:0004042|[MF] acetyl-CoA:L-glutamate N-acetyltransferase activity	0.560056212719714	0.307357829129785	0.132585958150501
GO:0004044|[MF] amidophosphoribosyltransferase activity	0.590072711606125	0.368749612773058	0.0411776756208167
GO:0004045|[MF] aminoacyl-tRNA hydrolase activity	0.490253996278836	0.509746003721164	1.56704654311594e-18
GO:0004046|[MF] aminoacylase activity	0.971965413578879	0.0280345864211208	0
GO:0004047|[MF] aminomethyltransferase activity	0.846193664024155	0.146541195905859	0.00726514006998618
GO:0004048|[MF] anthranilate phosphoribosyltransferase activity	0.748828814059362	0.251171185939975	6.62779782151155e-13
GO:0004049|[MF] anthranilate synthase activity	0.722000789375306	0.254401329048255	0.023597881576439
GO:0004053|[MF] arginase activity	1	0	0
GO:0004055|[MF] argininosuccinate synthase activity	0.420663418429149	0.547684563112914	0.0316520184579372
GO:0004056|[MF] argininosuccinate lyase activity	0.460667657598199	0.539332342401796	5.4481084965213e-15
GO:0004057|[MF] arginyltransferase activity	0.5712736726456	0.399985582065646	0.028740745288754
GO:0004061|[MF] arylformamidase activity	0.674512705991621	0.299207626982181	0.0262796670261974
GO:0004065|[MF] arylsulfatase activity	0.986955474763563	0.013044525234434	2.00260748208402e-12
GO:0004066|[MF] asparagine synthase (glutamine-hydrolyzing) activity	0.744337475319666	0.25566252467429	6.04465647044405e-12
GO:0004067|[MF] asparaginase activity	0.527880196117133	0.472119803882867	0
GO:0004068|[MF] aspartate 1-decarboxylase activity	0.551663844898839	0.297872850661562	0.150463304439599
GO:0004069|[MF] L-aspartate:2-oxoglutarate aminotransferase activity	0.447358379816097	0.445221360907397	0.107420259276506
GO:0004070|[MF] aspartate carbamoyltransferase activity	0.557335728865013	0.442664271134987	0
GO:0004071|[MF] aspartate-ammonia ligase activity	0.389504300213319	0.610495699786681	0
GO:0004072|[MF] aspartate kinase activity	0.464246118047467	0.512468666148076	0.0232852158044569
GO:0004073|[MF] aspartate-semialdehyde dehydrogenase activity	0.56606331856262	0.276263682751878	0.157672998685502
GO:0004075|[MF] biotin carboxylase activity	0.286092267929818	0.697350442379995	0.0165572896901872
GO:0004076|[MF] biotin synthase activity	0.591716788738688	0.245768886937744	0.162514324323568
GO:0004077|[MF] biotin-[acetyl-CoA-carboxylase] ligase activity	0.603741712385762	0.301108891231639	0.0951493963825989
GO:0004084|[MF] branched-chain-amino-acid transaminase activity	0.783729998319846	0.15863462634987	0.0576353753302843
GO:0004085|[MF] butyryl-CoA dehydrogenase activity	0.978366928229591	0.0216330717704087	0
GO:0004088|[MF] carbamoyl-phosphate synthase (glutamine-hydrolyzing) activity	0.66662684981535	0.25855243786701	0.0748207123176406
GO:0004089|[MF] carbonate dehydratase activity	0.830725461770305	0.0412635108617092	0.128011027367986
GO:0004096|[MF] catalase activity	0.621940833880552	0.210778455571282	0.167280710548165
GO:0004106|[MF] chorismate mutase activity	0.665601424562181	0.231308177714674	0.103090397723145
GO:0004107|[MF] chorismate synthase activity	0.56607773531981	0.376679777085988	0.0572424875942025
GO:0004109|[MF] coproporphyrinogen oxidase activity	0.47143977162938	0.351582019035542	0.176978209335077
GO:0004113|[MF] 2,3-cyclic-nucleotide 3-phosphodiesterase activity	0.790137645212745	0.209862354786817	4.37486505174158e-13
GO:0004115|[MF] 3,5-cyclic-AMP phosphodiesterase activity	0.612702337610824	0.34915929808187	0.0381383643073062
GO:0004121|[MF] cystathionine beta-lyase activity	0.988166747206948	0.0118332524281297	3.64922668227857e-10
GO:0004124|[MF] cysteine synthase activity	0.625307086245127	0.241675696748002	0.133017217006871
GO:0004125|[MF] L-seryl-tRNASec selenium transferase activity	0.636337307614102	0.359271446723368	0.00439124566252946
GO:0004126|[MF] cytidine deaminase activity	0.626273380954926	0.340869437004106	0.0328571820409679
GO:0004127|[MF] cytidylate kinase activity	0.525842653158224	0.474157346840633	1.14293918224441e-12
GO:0004129|[MF] cytochrome-c oxidase activity	0.615711686489153	0.157980043536097	0.226308269974749
GO:0004130|[MF] cytochrome-c peroxidase activity	0.557333903803227	0.414848635141271	0.0278174610555023
GO:0004132|[MF] dCMP deaminase activity	0.952164578934388	0.0478354210656117	0
GO:0004133|[MF] glycogen debranching enzyme activity	0.596798674789144	0.27110978309263	0.132091542118226
GO:0004134|[MF] 4-alpha-glucanotransferase activity	0.729283619649692	0.216794302012447	0.0539220783378606
GO:0004135|[MF] amylo-alpha-1,6-glucosidase activity	0.988413772725799	0.0115862264393091	8.3489239609286e-10
GO:0004136|[MF] deoxyadenosine kinase activity	0.595052556054402	0.34542860894121	0.059518835004388
GO:0004138|[MF] deoxyguanosine kinase activity	0.62273009255987	0.334237580575883	0.043032326864247
GO:0004139|[MF] deoxyribose-phosphate aldolase activity	0.525142265790411	0.458616818157743	0.016240916051846
GO:0004140|[MF] dephospho-CoA kinase activity	0.604829102427572	0.395170897571594	8.33992582112326e-13
GO:0004141|[MF] dethiobiotin synthase activity	0.601096080846314	0.19617161000685	0.202732309146836
GO:0004143|[MF] diacylglycerol kinase activity	0.941450127077843	0.058549872922157	0
GO:0004145|[MF] diamine N-acetyltransferase activity	0.742938553941246	0.257061444795977	1.26277738508491e-09
GO:0004146|[MF] dihydrofolate reductase activity	0.659086668877836	0.34091332029146	1.08307043797057e-08
GO:0004148|[MF] dihydrolipoyl dehydrogenase activity	0.932595231716512	0.067404768281155	2.3332826342017e-12
GO:0004150|[MF] dihydroneopterin aldolase activity	0.395357492175983	0.340814992276486	0.263827515547531
GO:0004151|[MF] dihydroorotase activity	0.446036671076693	0.553963328923307	0
GO:0004152|[MF] dihydroorotate dehydrogenase activity	0.628770972589843	0.359292957070931	0.0119360703392264
GO:0004156|[MF] dihydropteroate synthase activity	0.721952236358131	0.183680040782005	0.0943677228598642
GO:0004160|[MF] dihydroxy-acid dehydratase activity	0.630672656235251	0.260645279983634	0.108682063781114
GO:0004163|[MF] diphosphomevalonate decarboxylase activity	0.577449924117948	0.395644037281154	0.0269060386008974
GO:0004170|[MF] dUTP diphosphatase activity	0.756760527801606	0.174050706647105	0.0691887655512894
GO:0004174|[MF] electron-transferring-flavoprotein dehydrogenase activity	0.841230423927944	0.101255570614148	0.0575140054579078
GO:0004176|[MF] ATP-dependent peptidase activity	0.65693014533231	0.343069854444665	2.23024961339919e-10
GO:0004177|[MF] aminopeptidase activity	0.477502535796769	0.522497464203231	0
GO:0004180|[MF] carboxypeptidase activity	0.878316710817231	0.0451779874459632	0.0765053017368058
GO:0004181|[MF] metallocarboxypeptidase activity	0.784674186562986	0.128959931855761	0.086365881581253
GO:0004185|[MF] serine-type carboxypeptidase activity	0.604406954249839	0.176802654497845	0.218790391252316
GO:0004190|[MF] aspartic-type endopeptidase activity	0.640974621368151	0.329766617448347	0.0292587611835021
GO:0004197|[MF] cysteine-type endopeptidase activity	0.779059983540651	0.22093999561576	2.08435885547534e-08
GO:0004222|[MF] metalloendopeptidase activity	0.527169903654776	0.47283009634504	1.84177968597026e-13
GO:0004252|[MF] serine-type endopeptidase activity	0.567276492399942	0.432723507600058	0
GO:0004298|[MF] threonine-type endopeptidase activity	0.528915612196209	0.357034281138002	0.114050106665789
GO:0004308|[MF] exo-alpha-sialidase activity	0.971004226574025	0	0.0289957734259748
GO:0004311|[MF] farnesyltranstransferase activity	0.309204477217414	0.690795522018641	7.63945677201279e-10
GO:0004312|[MF] fatty acid synthase activity	0.712110817650305	0.0409182618228252	0.24697092052687
GO:0004314|[MF] [acyl-carrier-protein] S-malonyltransferase activity	0.731216039949678	0.144621560394523	0.124162399655799
GO:0004315|[MF] 3-oxoacyl-[acyl-carrier-protein] synthase activity	0.743266409109532	0.176313518822544	0.0804200720679242
GO:0004316|[MF] 3-oxoacyl-[acyl-carrier-protein] reductase (NADPH) activity	0.761985926804912	0.128610871797673	0.109403201397415
GO:0004318|[MF] enoyl-[acyl-carrier-protein] reductase (NADH) activity	0.891019598723466	0.104497950736455	0.00448245054007932
GO:0004322|[MF] ferroxidase activity	0.935698953115877	0.0643010468841227	0
GO:0004324|[MF] ferredoxin-NADP+ reductase activity	0.607345381793266	0.355743661106256	0.0369109571004782
GO:0004325|[MF] ferrochelatase activity	0.700168685905645	0.299831314094355	0
GO:0004326|[MF] tetrahydrofolylpolyglutamate synthase activity	0.533273399551932	0.438247260732793	0.0284793397152754
GO:0004329|[MF] formate-tetrahydrofolate ligase activity	0.421924703047382	0.578075296952618	0
GO:0004332|[MF] fructose-bisphosphate aldolase activity	0.757218287079407	0.242781712773496	1.47097233583729e-10
GO:0004333|[MF] fumarate hydratase activity	0.529562789970797	0.359058683294975	0.111378526734228
GO:0004335|[MF] galactokinase activity	0.496589056695102	0.503410943304754	1.44271528310237e-13
GO:0004337|[MF] geranyltranstransferase activity	0.85798949185597	0.142010508144031	0
GO:0004339|[MF] glucan 1,4-alpha-glucosidase activity	0.864016054035913	0.0955700131753454	0.0404139327887416
GO:0004340|[MF] glucokinase activity	0.657859433534758	0.27411568672645	0.0680248797387925
GO:0004342|[MF] glucosamine-6-phosphate deaminase activity	0.497769755135614	0.502230244864386	0
GO:0004345|[MF] glucose-6-phosphate dehydrogenase activity	0.57630365344062	0.389544917159305	0.0341514294000747
GO:0004347|[MF] glucose-6-phosphate isomerase activity	0.442431701045156	0.557568298945044	9.79985787274703e-12
GO:0004348|[MF] glucosylceramidase activity	0.644092634464183	0.0140151879247002	0.341892177611117
GO:0004349|[MF] glutamate 5-kinase activity	0.657112146473701	0.22139215366623	0.121495699860069
GO:0004350|[MF] glutamate-5-semialdehyde dehydrogenase activity	0.572280840326676	0.427719159673324	0
GO:0004351|[MF] glutamate decarboxylase activity	0.356437232648731	0.557099754612956	0.0864630127383128
GO:0004352|[MF] glutamate dehydrogenase (NAD+) activity	0.702200520596192	0.209084130664875	0.0887153487389339
GO:0004353|[MF] glutamate dehydrogenase [NAD(P)+] activity	0.649563518179585	0.23112649753761	0.119309984282805
GO:0004355|[MF] glutamate synthase (NADPH) activity	0.91529770662487	0.0847022933555965	1.95330555956774e-11
GO:0004356|[MF] glutamate-ammonia ligase activity	0.618805793731928	0.357327968374955	0.0238662378931174
GO:0004357|[MF] glutamate-cysteine ligase activity	0.449511891315318	0.550488108680794	3.88762487173311e-12
GO:0004358|[MF] glutamate N-acetyltransferase activity	0.561779785873998	0.305303978420891	0.132916235705111
GO:0004359|[MF] glutaminase activity	0.872789323154996	0.127210676845004	0
GO:0004360|[MF] glutamine-fructose-6-phosphate transaminase (isomerizing) activity	0.541846766388013	0.368817272156828	0.0893359614551592
GO:0004362|[MF] glutathione-disulfide reductase activity	0.6814864438432	0.271206038556107	0.0473075176006929
GO:0004365|[MF] glyceraldehyde-3-phosphate dehydrogenase (NAD+) (phosphorylating) activity	0.578150871127197	0.398685916976295	0.023163211896508
GO:0004367|[MF] glycerol-3-phosphate dehydrogenase [NAD+] activity	0.552815536853588	0.447184463146391	2.03106997537567e-14
GO:0004368|[MF] glycerol-3-phosphate dehydrogenase activity	0.619933964320039	0.193475551240965	0.186590484438996
GO:0004370|[MF] glycerol kinase activity	0.505406340391464	0.494593659608536	0
GO:0004371|[MF] glycerone kinase activity	0.517690727552322	0.449952953606474	0.0323563188412034
GO:0004372|[MF] glycine hydroxymethyltransferase activity	0.540715779226782	0.459284220773218	0
GO:0004373|[MF] glycogen (starch) synthase activity	0.749214689697516	0.250785310302484	0
GO:0004375|[MF] glycine dehydrogenase (decarboxylating) activity	1	0	0
GO:0004385|[MF] guanylate kinase activity	0.456260544976871	0.499722484848983	0.0440169701741458
GO:0004386|[MF] helicase activity	0.541965714478336	0.458034285521664	6.77116736853888e-16
GO:0004397|[MF] histidine ammonia-lyase activity	0.977319249000121	0.0226807501341555	8.65723207370638e-10
GO:0004399|[MF] histidinol dehydrogenase activity	0.53580285058335	0.335560326323644	0.128636823093006
GO:0004400|[MF] histidinol-phosphate transaminase activity	0.542099404145593	0.283870886064256	0.174029709790151
GO:0004401|[MF] histidinol-phosphatase activity	0.69082765563013	0.205413123332255	0.103759221037615
GO:0004402|[MF] histone acetyltransferase activity	0.695467125695836	0.237871947478007	0.0666609268261573
GO:0004412|[MF] homoserine dehydrogenase activity	0.718978654042139	0.219424216364204	0.0615971295936569
GO:0004413|[MF] homoserine kinase activity	0.609589328781489	0.390410671218037	4.74388426577388e-13
GO:0004414|[MF] homoserine O-acetyltransferase activity	0.681427735505447	0.16177392282553	0.156798341669023
GO:0004416|[MF] hydroxyacylglutathione hydrolase activity	0.686375648104409	0.243349722008529	0.0702746298870617
GO:0004417|[MF] hydroxyethylthiazole kinase activity	0.486592556448798	0.470566206597248	0.0428412369539531
GO:0004418|[MF] hydroxymethylbilane synthase activity	0.589193489109575	0.212818389099239	0.197988121791186
GO:0004419|[MF] hydroxymethylglutaryl-CoA lyase activity	0.999999999999999	1.49633299151349e-15	2.44699841472486e-19
GO:0004420|[MF] hydroxymethylglutaryl-CoA reductase (NADPH) activity	0.644489920806534	0.295476391819779	0.0600336873736875
GO:0004421|[MF] hydroxymethylglutaryl-CoA synthase activity	0.66665923729876	0.287222773263608	0.0461179894376325
GO:0004422|[MF] hypoxanthine phosphoribosyltransferase activity	0.411141649118182	0.588858350881818	2.12828911702399e-16
GO:0004424|[MF] imidazoleglycerol-phosphate dehydratase activity	0.613300159443374	0.298639735255886	0.0880601053007403
GO:0004425|[MF] indole-3-glycerol-phosphate synthase activity	0.501763019475756	0.446891296187978	0.0513456843362662
GO:0004427|[MF] inorganic diphosphatase activity	0.836139228195288	0.163860771804652	6.07197498169271e-14
GO:0004450|[MF] isocitrate dehydrogenase (NADP+) activity	0.714038179721322	0.185144364553376	0.100817455725302
GO:0004452|[MF] isopentenyl-diphosphate delta-isomerase activity	0.533459550865574	0.421214977901016	0.0453254712334095
GO:0004455|[MF] ketol-acid reductoisomerase activity	0.625029934704199	0.274081018249773	0.100889047046028
GO:0004459|[MF] L-lactate dehydrogenase activity	0.358638846965152	0.639611955100159	0.00174919793468826
GO:0004462|[MF] lactoylglutathione lyase activity	0.703753118629643	0.0197936156332557	0.276453265737102
GO:0004467|[MF] long-chain fatty acid-CoA ligase activity	0.963342415671718	0.012708500216442	0.0239490841118401
GO:0004471|[MF] malate dehydrogenase (decarboxylating) (NAD+) activity	0.616096206792142	0.344595292011287	0.0393085011965704
GO:0004473|[MF] malate dehydrogenase (decarboxylating) (NADP+) activity	0.823319745536495	0.176680254450268	1.32364873684673e-11
GO:0004475|[MF] mannose-1-phosphate guanylyltransferase activity	0.87074376612821	0.0482921260669764	0.0809641078048136
GO:0004476|[MF] mannose-6-phosphate isomerase activity	0.75219326803471	0.206466734098526	0.0413399978667649
GO:0004477|[MF] methenyltetrahydrofolate cyclohydrolase activity	0.568340614120288	0.431659385879712	1.46390484690188e-20
GO:0004478|[MF] methionine adenosyltransferase activity	0.483165164512298	0.516597859797709	0.000236975689993792
GO:0004479|[MF] methionyl-tRNA formyltransferase activity	0.58881256952757	0.41118743047243	0
GO:0004488|[MF] methylenetetrahydrofolate dehydrogenase (NADP+) activity	0.579205419675627	0.420794580324373	1.9755147294276e-22
GO:0004489|[MF] methylenetetrahydrofolate reductase (NAD(P)H) activity	0.641073140150109	0.287295450042301	0.0716314098075903
GO:0004491|[MF] methylmalonate-semialdehyde dehydrogenase (acylating) activity	0.464810140498764	0.353651326371541	0.181538533129694
GO:0004492|[MF] methylmalonyl-CoA decarboxylase activity	0.895063124479314	0.0390892710989231	0.065847604421763
GO:0004494|[MF] methylmalonyl-CoA mutase activity	0.529938973674618	0.401416209731607	0.0686448165937748
GO:0004496|[MF] mevalonate kinase activity	0.697022614527551	0.265348150547723	0.0376292349247258
GO:0004497|[MF] monooxygenase activity	0.958192124493463	0.0418078754530017	5.35354436862568e-11
GO:0004512|[MF] inositol-3-phosphate synthase activity	0.565426748801307	0.342235110607344	0.0923381405913496
GO:0004514|[MF] nicotinate-nucleotide diphosphorylase (carboxylating) activity	0.699926598065065	0.291459508586692	0.00861389334824255
GO:0004515|[MF] nicotinate-nucleotide adenylyltransferase activity	0.666100849364107	0.208509197358833	0.12538995327706
GO:0004516|[MF] nicotinate phosphoribosyltransferase activity	0.487219100931384	0.512780899068616	0
GO:0004518|[MF] nuclease activity	0.55019556080391	0.445328569378407	0.00447586981768316
GO:0004519|[MF] endonuclease activity	0.561705168688172	0.38664240456884	0.0516524267429882
GO:0004520|[MF] endodeoxyribonuclease activity	0.731987358659478	0.118021807943554	0.149990833396968
GO:0004521|[MF] endoribonuclease activity	0.532155168065744	0.430055842868947	0.0377889890653088
GO:0004523|[MF] RNA-DNA hybrid ribonuclease activity	0.634851206315333	0.36514879348248	2.02187340497257e-10
GO:0004525|[MF] ribonuclease III activity	0.457315336840332	0.542684663159316	3.52154883330155e-13
GO:0004526|[MF] ribonuclease P activity	0.454957309140911	0.545042690859089	0
GO:0004527|[MF] exonuclease activity	0.814056072681364	0.166387669671218	0.019556257647417
GO:0004534|[MF] 5-3 exoribonuclease activity	0.501777196710917	0.385957443706468	0.112265359582615
GO:0004536|[MF] deoxyribonuclease activity	0.822606537541266	0.177393462458734	0
GO:0004540|[MF] ribonuclease activity	0.704104369871566	0.158449797998656	0.137445832129778
GO:0004549|[MF] tRNA-specific ribonuclease activity	0.913206534085526	0.01502277975592	0.0717706861585544
GO:0004550|[MF] nucleoside diphosphate kinase activity	0.56046301935238	0.338551191172103	0.100985789475517
GO:0004553|[MF] hydrolase activity, hydrolyzing O-glycosyl compounds	0.640588045999005	0.352194805620686	0.007217148380309
GO:0004556|[MF] alpha-amylase activity	0.766698400229724	0.196959194754081	0.036342405016195
GO:0004557|[MF] alpha-galactosidase activity	0.659839546848463	0.307171645450328	0.0329888077012083
GO:0004558|[MF] alpha-1,4-glucosidase activity	0.618616864682208	0.332489767001989	0.0488933683158023
GO:0004559|[MF] alpha-mannosidase activity	0.891370532216987	0.104179012023423	0.00445045575959016
GO:0004560|[MF] alpha-L-fucosidase activity	0.938634915947683	0.0613650840075437	4.47728033275387e-11
GO:0004561|[MF] alpha-N-acetylglucosaminidase activity	1	0	0
GO:0004563|[MF] beta-N-acetylhexosaminidase activity	0.844015347672985	0.155984652321113	5.90253330442365e-12
GO:0004564|[MF] beta-fructofuranosidase activity	0.734533992665093	0.174518887146486	0.0909471201884209
GO:0004565|[MF] beta-galactosidase activity	0.496062438947018	0.503937561052981	0
GO:0004566|[MF] beta-glucuronidase activity	0.987963420392005	0.0120365795946888	1.33057092376249e-11
GO:0004567|[MF] beta-mannosidase activity	0.857789913275947	0.14221008672404	1.26661198449811e-14
GO:0004568|[MF] chitinase activity	0.702799520813933	0.237823485914326	0.0593769932717411
GO:0004574|[MF] oligo-1,6-glucosidase activity	0.629141050391806	0.324777857381917	0.0460810922262768
GO:0004575|[MF] sucrose alpha-glucosidase activity	0.610786297942415	0.379081586855518	0.0101321152020672
GO:0004576|[MF] oligosaccharyl transferase activity	0.620683782165691	0.173518396754206	0.205797821080102
