Residuals	timepoint	mouse_id
K00003|homoserine dehydrogenase [EC.1.1.1.3]	0.517837850951848	0.482162149048152	4.58178714558585e-16
K00008|L-iditol 2-dehydrogenase [EC.1.1.1.14]	0.927686793761606	0.072313206220795	1.75992918573611e-11
K00009|mannitol-1-phosphate 5-dehydrogenase [EC.1.1.1.17]	0.93216271478704	0.0363289782389232	0.0315083069740373
K00010|myo-inositol 2-dehydrogenase | D-chiro-inositol 1-dehydrogenase [EC.1.1.1.18 1.1.1.369]	0.810108114342074	0.174126835531803	0.0157650501261225
K00012|UDPglucose 6-dehydrogenase [EC.1.1.1.22]	0.964333363260434	0.035666636709431	3.01352605796462e-11
K00013|histidinol dehydrogenase [EC.1.1.1.23]	0.512047241414601	0.487952758584578	8.2086510091924e-13
K00014|shikimate dehydrogenase [EC.1.1.1.25]	0.644345085648677	0.355654914351323	0
K00016|L-lactate dehydrogenase [EC.1.1.1.27]	0.609522047313621	0.344332542305581	0.0461454103807976
K00018|glycerate dehydrogenase [EC.1.1.1.29]	0.975214407021843	0.0247855913180657	1.66009089810854e-09
K00024|malate dehydrogenase [EC.1.1.1.37]	0.763251099950245	0.134005102026261	0.102743798023494
K00027|malate dehydrogenase (oxaloacetate-decarboxylating) [EC.1.1.1.38]	0.749515517367823	0.250484474897883	7.73429402673717e-09
K00029|malate dehydrogenase (oxaloacetate-decarboxylating)(NADP+) [EC.1.1.1.40]	0.830956142656081	0.00333756072936988	0.165706296614549
K00031|isocitrate dehydrogenase [EC.1.1.1.42]	0.742969194903556	0.196821772055527	0.0602090330409169
K00033|6-phosphogluconate dehydrogenase [EC.1.1.1.44 1.1.1.343]	0.628720918478005	0.335033659241788	0.0362454222802074
K00036|glucose-6-phosphate 1-dehydrogenase [EC.1.1.1.49 1.1.1.363]	0.53010105555562	0.433644641288028	0.0362543031563523
K00041|tagaturonate reductase [EC.1.1.1.58]	0.737890565152467	0.262109434847533	0
K00046|gluconate 5-dehydrogenase	0.799213417269405	0.190305676292816	0.0104809064377795
K00048|lactaldehyde reductase [EC.1.1.1.77]	0.487450972356812	0.198972046725863	0.313576980917325
K00052|3-isopropylmalate dehydrogenase [EC.1.1.1.85]	0.51737793890497	0.467194442832936	0.0154276182620938
K00053|ketol-acid reductoisomerase [EC.1.1.1.86]	0.569233655794045	0.423542217081459	0.00722412712449596
K00057|glycerol-3-phosphate dehydrogenase (NAD(P)+) [EC.1.1.1.94]	0.664795671082826	0.307469640310403	0.0277346886067709
K00058|D-3-phosphoglycerate dehydrogenase [EC.1.1.1.95]	0.558939343942814	0.441060656056999	1.87221609113664e-13
K00059|3-oxoacyl-[acyl-carrier protein] reductase [EC.1.1.1.100]	0.678383812702194	0.321616187297802	4.05669110903611e-15
K00065|2-deoxy-D-gluconate 3-dehydrogenase [EC.1.1.1.125]	0.595738548814543	0.209786778015779	0.194474673169678
K00067|dTDP-4-dehydrorhamnose reductase [EC.1.1.1.133]	0.866812866949593	0.113106346676987	0.0200807863734203
K00074|3-hydroxybutyryl-CoA dehydrogenase [EC.1.1.1.157]	0.749698938024432	0.213740957127442	0.0365601048481264
K00075|UDP-N-acetylmuramate dehydrogenase [EC.1.3.1.98]	0.64156901139256	0.353504370450061	0.0049266181573792
K00077|2-dehydropantoate 2-reductase [EC.1.1.1.169]	0.489263471569756	0.477945727528366	0.0327908009018771
K00086|1,3-propanediol dehydrogenase [EC.1.1.1.202]	0.461774966625571	0.502684554642646	0.0355404787317832
K00087|xanthine dehydrogenase molybdenum-binding subunit [EC.1.17.1.4]	1	0	0
K00088|IMP dehydrogenase [EC.1.1.1.205]	0.911080894169853	0.0117488348723347	0.0771702709578127
K00097|4-hydroxythreonine-4-phosphate dehydrogenase [EC.1.1.1.262]	0.483770608811849	0.516229391188151	0
K00099|1-deoxy-D-xylulose-5-phosphate reductoisomerase [EC.1.1.1.267]	0.6948584302169	0.3051415697831	0
K00100|butanol dehydrogenase [EC.1.1.1.-]	0.906858760456007	0.0341890712902777	0.0589521682537158
K00111|glycerol-3-phosphate dehydrogenase [EC.1.1.5.3]	0.847890246293224	0.0692064663684718	0.0829032873383046
K00116|malate dehydrogenase (quinone) [EC.1.1.5.4]	0.528213567425433	0.471784608280753	1.82429381442848e-06
K00124|formate dehydrogenase iron-sulfur subunit	0.526980803735726	0.441847076889517	0.0311721193747571
K00127|formate dehydrogenase subunit gamma	0.512327154930054	0.448039046475995	0.0396337985939507
K00133|aspartate-semialdehyde dehydrogenase [EC.1.2.1.11]	0.569960498739812	0.416225179158228	0.0138143221019598
K00134|glyceraldehyde 3-phosphate dehydrogenase [EC.1.2.1.12]	0.516798564074639	0.339215534756833	0.143985901168528
K00145|N-acetyl-gamma-glutamyl-phosphate reductase [EC.1.2.1.38]	0.737037800911557	0.262962199088443	2.75077513556762e-16
K00147|glutamate-5-semialdehyde dehydrogenase [EC.1.2.1.41]	0.762878662917276	0.237121336326482	7.56242354769594e-10
K00158|pyruvate oxidase [EC.1.2.3.3]	0.673867868867091	0.275507165821782	0.0506249653111275
K00169|pyruvate ferredoxin oxidoreductase alpha subunit [EC.1.2.7.1]	0.934318892164923	0.0656811078350769	0
K00170|pyruvate ferredoxin oxidoreductase beta subunit [EC.1.2.7.1]	0.798913794834378	0.0881685867703564	0.112917618395266
K00171|pyruvate ferredoxin oxidoreductase delta subunit [EC.1.2.7.1]	0.77583129566774	0.224168704331995	2.64935707955821e-13
K00172|pyruvate ferredoxin oxidoreductase gamma subunit [EC.1.2.7.1]	0.615650749859271	0.384349250140633	9.62331005781353e-14
K00174|2-oxoglutarate|2-oxoacid ferredoxin oxidoreductase subunit alpha [EC.1.2.7.3 1.2.7.11]	0.601264420569074	0.398735579430418	5.07243208252756e-13
K00175|2-oxoglutarate|2-oxoacid ferredoxin oxidoreductase subunit beta [EC.1.2.7.3 1.2.7.11]	0.895296805032308	0.0823823612670869	0.0223208337006055
K00176|2-oxoglutarate ferredoxin oxidoreductase subunit delta [EC.1.2.7.3]	0.936877490543633	0.0436014372753727	0.0195210721809948
K00177|2-oxoglutarate ferredoxin oxidoreductase subunit gamma [EC.1.2.7.3]	0.840741877634511	0.0548636241567152	0.104394498208774
K00179|indolepyruvate ferredoxin oxidoreductase, alpha subunit	0.76477651722337	0.23522348277663	0
K00184|molybdopterin oxidoreductase, iron-sulfur binding subunit	0.651038024796667	0.348961975203333	0
K00198|carbon-monoxide dehydrogenase catalytic subunit [EC.1.2.7.4]	0.986505286936713	0.0134947122323383	8.3094852661338e-10
K00208|enoyl-[acyl-carrier protein] reductase I [EC.1.3.1.9 1.3.1.10]	0.992680705572411	0.00731929429101702	1.36571493761096e-10
K00215|4-hydroxy-tetrahydrodipicolinate reductase [EC.1.17.1.8]	0.767172677490921	0.232827310087681	1.24213978564139e-08
K00226|dihydroorotate dehydrogenase (fumarate) [EC.1.3.98.1]	0.704516160630927	0.263864755079423	0.03161908428965
K00239|succinate dehydrogenase | fumarate reductase, flavoprotein subunit [EC.1.3.5.1 1.3.5.4]	0.946094630513075	0.0539053694822166	4.708851105518e-12
K00241|succinate dehydrogenase | fumarate reductase, cytochrome b subunit	0.861112994470466	0.023572180042652	0.115314825486882
K00243|hypothetical protein	0.593502994607809	0.406497005392191	0
K00244|fumarate reductase flavoprotein subunit [EC.1.3.5.4]	0.665158176046698	0.276998243125274	0.0578435808280272
K00246|fumarate reductase subunit C	0.494640620857158	0.501386335219452	0.00397304392338986
K00248|butyryl-CoA dehydrogenase [EC.1.3.8.1]	0.738116265746199	0.125201884871167	0.136681849382634
K00257| [EC.1.3.99.-]	0.979153793679024	0.0208462063185631	2.41301973258315e-12
K00259|alanine dehydrogenase [EC.1.4.1.1]	0.889240737327624	0.0217877595120772	0.0889715031602987
K00262|glutamate dehydrogenase (NADP+) [EC.1.4.1.4]	0.872539929113984	0.127460070886016	0
K00265|glutamate synthase (NADPH|NADH) large chain [EC.1.4.1.13 1.4.1.14]	0.931637757969941	0.0683622420285553	1.50376947019606e-12
K00266|glutamate synthase (NADPH|NADH) small chain [EC.1.4.1.13 1.4.1.14]	0.937349190088014	0.0626508099119864	0
K00278|L-aspartate oxidase [EC.1.4.3.16]	0.534507761192813	0.465492238807187	0
K00281|glycine dehydrogenase [EC.1.4.4.2]	0.903420244391283	0.0903936768021203	0.00618607880659634
K00283|glycine dehydrogenase subunit 2 [EC.1.4.4.2]	0.997940140049076	0.00205985991918401	3.17398410299435e-11
K00284|glutamate synthase (ferredoxin) [EC.1.4.7.1]	0.896225985393753	0.101076555401724	0.00269745920452321
K00286|pyrroline-5-carboxylate reductase [EC.1.5.1.2]	0.599470987384367	0.400529012559321	5.6311883245146e-11
K00287|dihydrofolate reductase [EC.1.5.1.3]	0.837535127642461	0.0454575603951554	0.117007311962384
K00290|saccharopine dehydrogenase (NAD+, L-lysine forming) [EC.1.5.1.7]	1	0	2.75155496075584e-16
K00294|1-pyrroline-5-carboxylate dehydrogenase [EC.1.2.1.88]	0.661347239855224	0.286735378232341	0.0519173819124346
K00297|methylenetetrahydrofolate reductase (NADPH) [EC.1.5.1.20]	0.95844853795363	0.0415514620463705	0
K00330|NADH-quinone oxidoreductase subunit A [EC.1.6.5.3]	0.527560351181593	0.472439648817435	9.72409875011584e-13
K00331|NADH-quinone oxidoreductase subunit B [EC.1.6.5.3]	0.534612363269651	0.439716033619331	0.0256716031110188
K00332|NADH-quinone oxidoreductase subunit C [EC.1.6.5.3]	0.53364419054998	0.466355809438067	1.1952855799053e-11
K00333|NADH-quinone oxidoreductase subunit D [EC.1.6.5.3]	0.538713765725401	0.448105389825628	0.0131808444489719
K00334|NADH-quinone oxidoreductase subunit E [EC.1.6.5.3]	0.734895009305476	0.257747785614396	0.00735720508012833
K00336|NADH-quinone oxidoreductase subunit G [EC.1.6.5.3]	0.631507265029266	0.368492734970733	0
K00337|NADH-quinone oxidoreductase subunit H [EC.1.6.5.3]	0.478458921880897	0.521541078112041	7.0622016573072e-12
K00338|NADH-quinone oxidoreductase subunit I [EC.1.6.5.3]	0.557088516854446	0.442911483145554	0
K00339|NADH-quinone oxidoreductase subunit J [EC.1.6.5.3]	0.542946313118009	0.415917438178905	0.0411362487030861
K00340|NADH-quinone oxidoreductase subunit K [EC.1.6.5.3]	0.631746357203593	0.359276905026855	0.00897673776955157
K00341|NADH-quinone oxidoreductase subunit L [EC.1.6.5.3]	0.485769855716611	0.480021898119669	0.0342082461637199
K00342|NADH-quinone oxidoreductase subunit M [EC.1.6.5.3]	0.567149360805446	0.432850639185091	9.46349797359745e-12
K00343|NADH-quinone oxidoreductase subunit N [EC.1.6.5.3]	0.564518327831483	0.435481672168284	2.33271407022152e-13
K00346|Na+-transporting NADH:ubiquinone oxidoreductase subunit A	0.949075585666772	0.0445737676281303	0.00635064670509782
K00347|Na+-transporting NADH:ubiquinone oxidoreductase subunit B	0.816622135556586	0.0950378374255238	0.0883400270178902
K00348|Na+-transporting NADH:ubiquinone oxidoreductase subunit C	0.938810173121283	0.0145269490782906	0.0466628778004259
K00350|Na+-transporting NADH:ubiquinone oxidoreductase subunit E	0.829198602724939	0.0693690601542465	0.101432337120815
K00351|Na+-transporting NADH:ubiquinone oxidoreductase subunit F	0.961085988463737	0.0374270493941091	0.00148696214215435
K00364|GMP reductase [EC.1.7.1.7]	0.604667083497785	0.345542126705499	0.0497907897967162
K00373|nitrate reductase delta subunit	0.44794760979572	0.517298536348812	0.034753853855468
K00382|dihydrolipoamide dehydrogenase [EC.1.8.1.4]	1	0	0
K00383|glutathione reductase (NADPH) [EC.1.8.1.7]	0.6814864438432	0.271206038556107	0.0473075176006929
K00384|thioredoxin reductase (NADPH) [EC.1.8.1.9]	0.667149084141825	0.30357557116516	0.0292753446930151
K00390|phosphoadenosine phosphosulfate reductase [EC.1.8.4.8 1.8.4.10]	0.892366832007476	0.076762604959873	0.0308705630326507
K00412|ubiquinol-cytochrome c reductase cytochrome b subunit	0.928417480896458	0.0088166417215874	0.062765877381955
K00425|cytochrome d ubiquinol oxidase subunit I [EC.1.10.3.14]	0.721847109608896	0.278152890391101	2.60011670381738e-15
K00426|cytochrome d ubiquinol oxidase subunit II [EC.1.10.3.14]	0.552353051648946	0.447646948349552	1.50151244946062e-12
K00428|cytochrome c peroxidase	0.557333903803227	0.414848635141271	0.0278174610555023
K00525|ribonucleoside-diphosphate reductase alpha chain [EC.1.17.4.1]	0.867237045871741	0.0974541466194848	0.035308807508774
K00527|ribonucleoside-triphosphate reductase [EC.1.17.4.2]	0.89907019847178	0.0947827835149181	0.00614701801330182
K00528|ferredoxin--NADP+ reductase	0.593671151526686	0.406328848473314	4.07182090591752e-16
K00548|5-methyltetrahydrofolate--homocysteine methyltransferase [EC.2.1.1.13]	0.94926536684863	0.0507346331513447	2.55768911403912e-14
K00549|5-methyltetrahydropteroyltriglutamate--homocysteine methyltransferase [EC.2.1.1.14]	0.518037368670582	0.469747897814194	0.0122147335152239
K00554|tRNA (guanine-N1-)-methyltransferase	0.780620910414101	0.205593355420698	0.0137857341652006
K00556|tRNA (guanosine-2-O-)-methyltransferase	0.837121855188702	0.0148536576883576	0.14802448712294
K00557|tRNA (uracil-5-)-methyltransferase	0.531442535361807	0.468557464370538	2.67654979693575e-10
K00558|DNA (cytosine-5)-methyltransferase 1 [EC.2.1.1.37]	0.999999999999999	7.67378000253187e-16	7.19709655662086e-18
K00560|thymidylate synthase [EC.2.1.1.45]	0.709463468265476	0.290535786135789	7.45598734735568e-07
K00564|ribosomal RNA small subunit methyltransferase C	0.708618124671602	0.256253756058055	0.0351281192703422
K00566|tRNA-specific 2-thiouridylase [EC.2.8.1.-]	0.783854099245131	0.216145900754869	0
K00567|methylated-DNA-[protein]-cysteine S-methyltransferase	0.809287096876626	0.183818659165361	0.00689424395801262
K00571|site-specific DNA-methyltransferase (adenine-specific)	0.565353274642046	0.434646725357954	0
K00574|cyclopropane-fatty-acyl-phospholipid synthase	0.489705131786113	0.474284233678687	0.0360106345352003
K00575|chemotaxis protein methyltransferase CheR [EC.2.1.1.80]	0.54031105027207	0.450289467248186	0.00939948247974398
K00600|glycine hydroxymethyltransferase [EC.2.1.2.1]	0.711166332148732	0.28883365236626	1.54850072262972e-08
K00602|phosphoribosylaminoimidazolecarboxamide formyltransferase | IMP cyclohydrolase [EC.2.1.2.3 3.5.4.10]	0.963505238228415	0.0364947463767677	1.5394816799324e-08
K00603|glutamate formiminotransferase [EC.2.1.2.5]	0.867546891277993	0.0873696940284441	0.0450834146935626
K00604|methionyl-tRNA formyltransferase [EC.2.1.2.9]	0.867008563175429	0.132991436824571	0
K00605|aminomethyltransferase [EC.2.1.2.10]	0.816387978022589	0.0525111250601371	0.131100896917274
K00606|3-methyl-2-oxobutanoate hydroxymethyltransferase [EC.2.1.2.11]	0.648210745202018	0.347190581105249	0.00459867369273338
K00609|aspartate carbamoyltransferase catalytic subunit [EC.2.1.3.2]	0.772913668545322	0.227086330184471	1.27020679413775e-09
K00610|aspartate carbamoyltransferase regulatory subunit	0.561557904495672	0.345207123265792	0.093234972238536
K00611|ornithine carbamoyltransferase [EC.2.1.3.3]	0.45775005450457	0.503714706625694	0.0385352388697362
K00615|transketolase [EC.2.2.1.1]	0.672654043433183	0.297620306508707	0.0297256500581096
K00616|transaldolase [EC.2.2.1.2]	0.686943085524803	0.221296044862211	0.0917608696129861
K00620|glutamate N-acetyltransferase | amino-acid N-acetyltransferase [EC.2.3.1.35 2.3.1.1]	0.502466629885656	0.477874856543686	0.019658513570658
K00625|phosphate acetyltransferase [EC.2.3.1.8]	0.639992588380165	0.360007411619226	6.0938951691966e-13
K00626|acetyl-CoA C-acetyltransferase [EC.2.3.1.9]	0.507357849581365	0.372984451493086	0.119657698925549
K00634|phosphate butyryltransferase [EC.2.3.1.19]	0.854299709197938	0.0501669143938302	0.0955333764082313
K00640|serine O-acetyltransferase [EC.2.3.1.30]	0.534750919094538	0.447825888857625	0.0174231920478379
K00641|homoserine O-acetyltransferase [EC.2.3.1.31]	0.850390204163102	0.0196025080930332	0.130007287743865
K00645|[acyl-carrier-protein] S-malonyltransferase [EC.2.3.1.39]	0.847796410467572	0.152203589431526	1.00901890362564e-10
K00648|3-oxoacyl-[acyl-carrier-protein] synthase III [EC.2.3.1.180]	0.578269067399959	0.421730932590798	9.24327885624734e-12
K00651|homoserine O-succinyltransferase [EC.2.3.1.46]	0.531389189532006	0.459820683327044	0.00879012714095054
K00652|8-amino-7-oxononanoate synthase [EC.2.3.1.47]	0.537597054774121	0.462402945225879	0
K00655|1-acyl-sn-glycerol-3-phosphate acyltransferase [EC.2.3.1.51]	0.811446655836703	0.188553344147549	1.5748273916045e-11
K00656|formate C-acetyltransferase [EC.2.3.1.54]	0.89710209948998	0.102897900501951	8.06876661589102e-12
K00661|maltose O-acetyltransferase	0.833367813536455	0.155713648589779	0.0109185378737666
K00662|aminoglycoside N3-acetyltransferase	0.69629378508827	0.279344878050699	0.0243613368610317
K00674|2,3,4,5-tetrahydropyridine-2-carboxylate N-succinyltransferase [EC.2.3.1.117]	0.687629844610211	0.31237015538979	0
K00677|UDP-N-acetylglucosamine acyltransferase [EC.2.3.1.129]	0.856905171041388	0.012904320893595	0.130190508065017
K00685|arginine-tRNA-protein transferase	0.5712736726456	0.399985582065646	0.028740745288754
K00688|starch phosphorylase [EC.2.4.1.1]	0.666236410550744	0.267742104323908	0.0660214851253475
K00691|maltose phosphorylase [EC.2.4.1.8]	0.860731155164597	0.0833256591340464	0.0559431857013563
K00700|1,4-alpha-glucan branching enzyme [EC.2.4.1.18]	0.961549631566544	0.0012783337078552	0.0371720347256007
K00702|cellobiose phosphorylase [EC.2.4.1.20]	0.905596700358401	0.0557744793960597	0.0386288202455392
K00703|starch synthase [EC.2.4.1.21]	0.88199002816098	0.0585784337464577	0.0594315380925621
K00705|4-alpha-glucanotransferase [EC.2.4.1.25]	0.981322360890888	0.0186776390272679	8.18437616044804e-11
K00721|dolichol-phosphate mannosyltransferase [EC.2.4.1.83]	0.91891796222068	0.08108203777907	2.50196175853865e-13
K00748|lipid-A-disaccharide synthase [EC.2.4.1.182]	0.49692952797923	0.50307047202077	0
K00757|uridine phosphorylase [EC.2.4.2.3]	0.775538126033832	0.096153162684767	0.128308711281401
K00759|adenine phosphoribosyltransferase [EC.2.4.2.7]	0.679379253270118	0.320620746729882	0
K00760|hypoxanthine phosphoribosyltransferase [EC.2.4.2.8]	0.677977367371557	0.265962220498227	0.0560604121302164
K00761|uracil phosphoribosyltransferase [EC.2.4.2.9]	0.586298601143976	0.372254746503099	0.041446652352925
K00762|orotate phosphoribosyltransferase [EC.2.4.2.10]	0.679141853809626	0.277233438231315	0.0436247079590586
K00763|nicotinate phosphoribosyltransferase [EC.6.3.4.21]	0.645307789173043	0.311265300539397	0.0434269102875596
K00764|amidophosphoribosyltransferase [EC.2.4.2.14]	0.759798363159506	0.240201636840494	0
K00765|ATP phosphoribosyltransferase [EC.2.4.2.17]	0.505483391416397	0.48542802880565	0.0090885797779527
K00766|anthranilate phosphoribosyltransferase [EC.2.4.2.18]	0.888286952201687	0.07104315455327	0.0406698932450431
K00767|nicotinate-nucleotide pyrophosphorylase (carboxylating) [EC.2.4.2.19]	0.521585955230228	0.407101076473042	0.0713129682967296
K00768|nicotinate-nucleotide--dimethylbenzimidazole phosphoribosyltransferase [EC.2.4.2.21]	0.611032555235375	0.297184759178784	0.0917826855858404
K00773|queuine tRNA-ribosyltransferase	0.738115678163448	0.261884321836552	4.81817711573613e-16
K00782|hypothetical protein	0.480915008109409	0.443972335893917	0.0751126559966744
K00783|hypothetical protein	0.818659727295036	0.181340272704492	4.71707171260578e-13
K00784|ribonuclease Z [EC.3.1.26.11]	0.594513880297676	0.403736775596747	0.00174934410557686
K00788|thiamine-phosphate pyrophosphorylase [EC.2.5.1.3]	0.568966900913575	0.431033099086424	0
K00789|S-adenosylmethionine synthetase [EC.2.5.1.6]	0.528858257245092	0.453179037813391	0.0179627049415166
K00790|UDP-N-acetylglucosamine 1-carboxyvinyltransferase [EC.2.5.1.7]	0.710292616654001	0.24208494311163	0.047622440234369
K00791|tRNA dimethylallyltransferase [EC.2.5.1.75]	0.872353859442896	0.127646139021131	1.53597251801266e-09
K00793|riboflavin synthase [EC.2.5.1.9]	0.520116357025524	0.479883642974476	0
K00794|6,7-dimethyl-8-ribityllumazine synthase [EC.2.5.1.78]	0.781703321424942	0.218296678575058	6.34543127360353e-17
K00795|farnesyl diphosphate synthase [EC.2.5.1.1 2.5.1.10]	0.530092168116272	0.414558371635917	0.0553494602478103
K00796|dihydropteroate synthase [EC.2.5.1.15]	0.846758498243126	0.0736510902505548	0.0795904115063195
K00797|spermidine synthase [EC.2.5.1.16]	0.788575650232819	0.187461233369922	0.0239631163972588
K00798|cob(I)alamin adenosyltransferase [EC.2.5.1.17]	0.925508366028465	0.0407424500864774	0.0337491838850579
K00800|3-phosphoshikimate 1-carboxyvinyltransferase [EC.2.5.1.19]	0.679428665334726	0.320571334631564	3.37094538697135e-11
K00805|heptaprenyl diphosphate synthase [EC.2.5.1.30]	0.882407694496891	0.0884545424299844	0.029137763073125
K00806|undecaprenyl diphosphate synthase [EC.2.5.1.31]	0.784688568089389	0.215311416554176	1.53564347981177e-08
K00812|aspartate aminotransferase [EC.2.6.1.1]	0.683331897224348	0.316668102507773	2.67879062002859e-10
K00817|histidinol-phosphate aminotransferase [EC.2.6.1.9]	0.589084238866844	0.389192223079626	0.0217235380535298
K00820|glucosamine--fructose-6-phosphate aminotransferase (isomerizing) [EC.2.6.1.16]	0.65902380850237	0.330612778259976	0.0103634132376541
K00821|acetylornithine|N-succinyldiaminopimelate aminotransferase [EC.2.6.1.11 2.6.1.17]	0.765039675493277	0.187842339628788	0.0471179848779355
K00826|branched-chain amino acid aminotransferase [EC.2.6.1.42]	0.762597696997235	0.237402303002765	0
K00831|phosphoserine aminotransferase [EC.2.6.1.52]	0.587741468997242	0.216255925030772	0.196002605971986
K00833|adenosylmethionine---8-amino-7-oxononanoate aminotransferase [EC.2.6.1.62]	0.485905896949723	0.514094103042609	7.66786381347192e-12
K00845|glucokinase [EC.2.7.1.2]	0.96661783414568	0	0.0333821658543202
K00848|rhamnulokinase [EC.2.7.1.5]	1	0	0
K00849|galactokinase [EC.2.7.1.6]	0.65080801010279	0.333928889555614	0.0152631003415959
K00850|6-phosphofructokinase 1 [EC.2.7.1.11]	0.748854828053081	0.100555425129146	0.150589746817773
K00852|ribokinase [EC.2.7.1.15]	0.907579073003205	0.0341163180895987	0.0583046089071965
K00853|L-ribulokinase [EC.2.7.1.16]	0.886874745406746	5.85166122616404e-16	0.113125254593254
K00854|xylulokinase [EC.2.7.1.17]	0.387542802920752	0.568257634743123	0.0441995623361256
K00857|thymidine kinase [EC.2.7.1.21]	0.622078361038655	0.323271261681924	0.0546503772794208
K00858|NAD+ kinase [EC.2.7.1.23]	0.651409650105501	0.327935192384419	0.0206551575100799
K00859|dephospho-CoA kinase [EC.2.7.1.24]	0.811528921808009	0.188471078191991	0
K00860|adenylylsulfate kinase [EC.2.7.1.25]	0.571093914143649	0.428906085819698	3.6653180806342e-11
K00864|glycerol kinase [EC.2.7.1.30]	0.679344254288762	0.320655745655375	5.58625943057636e-11
K00865|glycerate 2-kinase [EC.2.7.1.165]	0.657451221372356	0.282529251839955	0.0600195267876892
K00867|type I pantothenate kinase [EC.2.7.1.33]	0.565465438073715	0.390755517096923	0.0437790448293617
K00868|pyridoxine kinase [EC.2.7.1.35]	0.734461531099564	0.237954082782388	0.0275843861180474
K00869|mevalonate kinase [EC.2.7.1.36]	0.697022614527551	0.265348150547723	0.0376292349247258
K00872|homoserine kinase [EC.2.7.1.39]	0.515240297853058	0.464941398076799	0.0198183040701425
K00873|pyruvate kinase [EC.2.7.1.40]	0.893863159113799	0.106136840886201	0
K00874|2-dehydro-3-deoxygluconokinase [EC.2.7.1.45]	0.894462658096485	0.105537341903515	4.30080697955549e-18
K00876|uridine kinase [EC.2.7.1.48]	0.573929931279898	0.353215586697772	0.0728544820223299
K00878|hydroxyethylthiazole kinase [EC.2.7.1.50]	0.456436029277825	0.492233357626145	0.0513306130960302
K00882|1-phosphofructokinase [EC.2.7.1.56]	0.682176116378146	0.270466497804139	0.0473573858177143
K00891|shikimate kinase [EC.2.7.1.71]	0.79981313334505	0.180121977485206	0.0200648891697443
K00895|pyrophosphate--fructose-6-phosphate 1-phosphotransferase [EC.2.7.1.90]	0.527870698840108	0.266580820114467	0.205548481045425
K00897|aminoglycoside 3-phosphotransferase	0.680578395818698	0.254861362583345	0.0645602415979571
K00901|diacylglycerol kinase (ATP) [EC.2.7.1.107]	0.882633666499764	0.0373154249387802	0.0800509085614557
K00912|tetraacyldisaccharide 4-kinase [EC.2.7.1.130]	0.737227852278722	0.23965751364292	0.0231146340783588
K00919|4-diphosphocytidyl-2-C-methyl-D-erythritol kinase [EC.2.7.1.148]	0.637000374971587	0.341612169011943	0.0213874560164692
K00925|acetate kinase [EC.2.7.2.1]	0.732975031393554	0.243310389497849	0.0237145791085967
K00926|carbamate kinase [EC.2.7.2.2]	0.913296655475525	0.0035183024543644	0.083185042070111
K00927|phosphoglycerate kinase [EC.2.7.2.3]	0.670975373004683	0.316964524516504	0.012060102478813
K00928|aspartate kinase [EC.2.7.2.4]	0.878142415404189	0.121857581572209	3.0236019682066e-09
K00929|butyrate kinase [EC.2.7.2.7]	0.954083191738546	0	0.0459168082614538
K00930|acetylglutamate kinase [EC.2.7.2.8]	0.540546574657088	0.431529157748657	0.027924267594255
K00931|glutamate 5-kinase [EC.2.7.2.11]	0.56880758361619	0.431192416383809	0
K00939|adenylate kinase [EC.2.7.4.3]	0.610185529769816	0.370997384051613	0.018817086178571
K00940|nucleoside-diphosphate kinase [EC.2.7.4.6]	0.65882691516596	0.309785335774415	0.0313877490596252
K00941|hydroxymethylpyrimidine|phosphomethylpyrimidine kinase [EC.2.7.1.49 2.7.4.7]	0.453041549181002	0.52921287416043	0.0177455766585682
K00942|guanylate kinase [EC.2.7.4.8]	0.717168774432876	0.22196108309152	0.0608701424756038
K00943|dTMP kinase [EC.2.7.4.9]	0.6324369022979	0.334353975196496	0.0332091225056031
K00945|cytidylate kinase [EC.2.7.4.14]	0.685414341901635	0.299470546626311	0.0151151114720544
K00946|thiamine-monophosphate kinase [EC.2.7.4.16]	0.847241497727159	0.152758502272841	0
K00948|ribose-phosphate pyrophosphokinase [EC.2.7.6.1]	0.58516491221064	0.414835087773126	1.62338284246155e-11
K00949|thiamine pyrophosphokinase [EC.2.7.6.2]	0.637656546330126	0.300003711395003	0.0623397422748708
K00951|GTP pyrophosphokinase [EC.2.7.6.5]	0.98832085916451	0.0116791408354895	0
K00954|pantetheine-phosphate adenylyltransferase [EC.2.7.7.3]	0.67733222206398	0.322667777810782	1.25237814139476e-10
K00956|sulfate adenylyltransferase subunit 1 [EC.2.7.7.4]	0.785778279835468	0.167809556486982	0.0464121636775502
K00957|sulfate adenylyltransferase subunit 2 [EC.2.7.7.4]	0.730035259059872	0.225154618161758	0.0448101227783699
K00958|sulfate adenylyltransferase [EC.2.7.7.4]	1	0	0
K00962|polyribonucleotide nucleotidyltransferase [EC.2.7.7.8]	0.794065040486643	0.155393915873871	0.0505410436394857
K00963|UTP--glucose-1-phosphate uridylyltransferase [EC.2.7.7.9]	0.832445446769645	0.0567721222978115	0.110782430932543
K00965|UDPglucose--hexose-1-phosphate uridylyltransferase [EC.2.7.7.12]	0.58713343785291	0.356145446897115	0.0567211152499756
K00969|nicotinate-nucleotide adenylyltransferase [EC.2.7.7.18]	0.73225136251511	0.267748619956934	1.75279561542645e-08
K00970|poly(A) polymerase [EC.2.7.7.19]	0.532175857795073	0.467824141667838	5.3708822612968e-10
K00971|mannose-1-phosphate guanylyltransferase [EC.2.7.7.13]	0.885119491611522	0.0241913460393278	0.0906891623491503
K00973|glucose-1-phosphate thymidylyltransferase [EC.2.7.7.24]	0.576960188818558	0.423039811170036	1.14055497022222e-11
K00974|tRNA nucleotidyltransferase (CCA-adding enzyme) [EC.2.7.7.72 3.1.3.- 3.1.4.-]	0.542255132590975	0.426119742663976	0.0316251247450497
K00975|glucose-1-phosphate adenylyltransferase [EC.2.7.7.27]	0.604446732593246	0.317957804715369	0.0775954626913849
K00978|glucose-1-phosphate cytidylyltransferase [EC.2.7.7.33]	0.948833071436477	0.0511669285635227	7.25442698047413e-20
K00979|3-deoxy-manno-octulosonate cytidylyltransferase (CMP-KDO synthetase) [EC.2.7.7.38]	0.71228996560227	0.24377778419792	0.0439322501998098
K00981|phosphatidate cytidylyltransferase [EC.2.7.7.41]	0.635865086747684	0.364134913209326	4.29893073606347e-11
K00983|N-acylneuraminate cytidylyltransferase [EC.2.7.7.43]	0.572839026450198	0.427160973549802	0
K00986|RNA-directed DNA polymerase	0.943227209075846	0.0567727909241539	0
K00991|2-C-methyl-D-erythritol 4-phosphate cytidylyltransferase [EC.2.7.7.60]	0.919245947156424	0.0493522740595544	0.0314017787840217
K00995|CDP-diacylglycerol--glycerol-3-phosphate 3-phosphatidyltransferase [EC.2.7.8.5]	0.845201162465645	0.0893613143937051	0.0654375231406494
K00997|holo-[acyl-carrier protein] synthase [EC.2.7.8.7]	0.646692788943253	0.338647790038039	0.0146594210187074
K01000|phospho-N-acetylmuramoyl-pentapeptide-transferase [EC.2.7.8.13]	0.79719628300057	0.202803716448674	5.50756390184129e-10
K01006|pyruvate, orthophosphate dikinase [EC.2.7.9.1]	0.866929023339843	0.133070976659027	1.12978527050456e-12
K01007|pyruvate, water dikinase [EC.2.7.9.2]	0.968165097216624	7.26298069317967e-21	0.0318349027833763
K01008|selenide, water dikinase [EC.2.7.9.3]	0.631389820010597	0.368610179986955	2.44843836694889e-12
K01012|biotin synthase [EC.2.8.1.6]	0.56615826216075	0.43384173783925	0
K01034|acetate CoA|acetoacetate CoA-transferase alpha subunit [EC.2.8.3.8 2.8.3.9]	0.94449839297445	0.0532346853675705	0.00226692165797934
K01039|glutaconate CoA-transferase, subunit A [EC.2.8.3.12]	0.879349542535322	0.0409164805256999	0.0797339769389779
K01040|glutaconate CoA-transferase, subunit B [EC.2.8.3.12]	0.875659014864849	0.000242488172947114	0.124098496962203
K01042|L-seryl-tRNA(Ser) seleniumtransferase [EC.2.9.1.1]	0.672913125579853	0.327086874420147	0
K01056|peptidyl-tRNA hydrolase, PTH1 family	0.86875063033862	0.13124936966138	0
K01058|phospholipase A1 [EC.3.1.1.32 3.1.1.4]	0.559467558909801	0.440532439797241	1.29295773334558e-09
K01077|alkaline phosphatase [EC.3.1.3.1]	1	0	0
K01082|3(2), 5-bisphosphate nucleotidase [EC.3.1.3.7]	0.874654685191643	0.0266481459475074	0.0986971688608499
K01090|protein phosphatase	0.886724253964118	0.0423068926494909	0.070968853386391
K01091|phosphoglycolate phosphatase [EC.3.1.3.18]	0.997525763011015	0.00247423698700344	1.98159459185393e-12
K01092|myo-inositol-1(or 4)-monophosphatase [EC.3.1.3.25]	0.622751792992918	0.37377570549205	0.00347250151503211
K01095|phosphatidylglycerophosphatase A [EC.3.1.3.27]	0.512313153798785	0.487686846201215	0
K01104|protein-tyrosine phosphatase	0.519551603375016	0.434973084082251	0.0454753125427336
K01114|phospholipase C [EC.3.1.4.3]	0.838818490549758	0.0520537571471258	0.109127752303116
K01119|2,3-cyclic-nucleotide 2-phosphodiesterase | 3-nucleotidase [EC.3.1.4.16 3.1.3.6]	0.983330352881469	0.0166696471185306	0
K01126|glycerophosphoryl diester phosphodiesterase [EC.3.1.4.46]	0.68195234223744	0.266223512386409	0.0518241453761519
K01129|dGTPase [EC.3.1.5.1]	0.907911577312397	0.0514095217576142	0.0406789009299885
K01142|exodeoxyribonuclease III [EC.3.1.11.2]	0.524753690528159	0.475246309471841	0
K01151|deoxyribonuclease IV [EC.3.1.21.2]	0.791780880285035	0.0199628638529514	0.188256255862014
K01153|type I restriction enzyme, R subunit	0.81915089602121	0.152676160232929	0.0281729437458619
K01154|type I restriction enzyme, S subunit	0.740837564186756	0.259162414211951	2.16012937422327e-08
K01155|type II restriction enzyme	0.911701087580592	0.0581053456251382	0.0301935667942693
K01156|type III restriction enzyme	0.723842882616808	0.254730742948845	0.0214263744343473
K01159|crossover junction endodeoxyribonuclease RuvC [EC.3.1.22.4]	0.631798837455642	0.312618294615584	0.0555828679287732
K01163|hypothetical protein	0.567821384187844	0.420735627764672	0.0114429880474837
K01174|micrococcal nuclease	0.934335708601	0.0371742636411017	0.028490027757898
K01182|oligo-1,6-glucosidase [EC.3.2.1.10]	0.787240537037397	0.199885426427816	0.0128740365347865
K01187|alpha-glucosidase [EC.3.2.1.20]	0.614890441398203	0.334352283812941	0.0507572747888562
K01191|alpha-mannosidase [EC.3.2.1.24]	0.917275586699054	0.0457399621852845	0.0369844511156611
K01193|beta-fructofuranosidase [EC.3.2.1.26]	0.981058649691274	0.0189413503012098	7.5166849267753e-12
K01205|alpha-N-acetylglucosaminidase [EC.3.2.1.50]	1	0	0
K01206|alpha-L-fucosidase [EC.3.2.1.51]	0.666905696721735	0.249365821667873	0.0837284816103916
K01207|beta-N-acetylhexosaminidase [EC.3.2.1.52]	0.878959394943487	0.0440494735330259	0.0769911315234873
K01220|6-phospho-beta-galactosidase [EC.3.2.1.85]	0.71684585077273	0.243003883729698	0.0401502654975715
K01222|6-phospho-beta-glucosidase [EC.3.2.1.86]	0.87700585741617	0.0451753160477956	0.0778188265360343
K01223|6-phospho-beta-glucosidase [EC.3.2.1.86]	0.651621305599037	0.301645354280119	0.046733340120844
K01241|AMP nucleosidase [EC.3.2.2.4]	0.917094775035709	0.0345443026517756	0.0483609223125154
K01243|adenosylhomocysteine nucleosidase [EC.3.2.2.9]	0.572992156055188	0.37337724096435	0.0536306029804622
K01251|adenosylhomocysteinase [EC.3.3.1.1]	0.676615098045999	0.323384901953265	7.35152427156934e-13
K01255|leucyl aminopeptidase [EC.3.4.11.1]	0.670363225905713	0.326227418309859	0.00340935578442832
K01258|tripeptide aminopeptidase	0.82793465973087	0.17206534026913	0
K01262|X-Pro aminopeptidase	0.811663145622385	0.188336854301723	7.58923801601727e-11
K01265|methionyl aminopeptidase	0.679793878356561	0.320206121641529	1.91094148187544e-12
K01267|aspartyl aminopeptidase	0.603735259054542	0.289037447828659	0.107227293116799
K01270|dipeptidase D [EC.3.4.13.-]	0.781011640144961	0.210955894705709	0.00803246514933026
K01277|dipeptidyl-peptidase III	0.738272837567843	0.140767185606278	0.120959976825879
K01278|dipeptidyl-peptidase 4 [EC.3.4.14.5]	0.914088670026453	0.0457454753648573	0.0401658546086898
K01284|peptidyl-dipeptidase Dcp	0.982440068571026	0.0175599311180798	3.10894627221284e-10
K01286|D-alanyl-D-alanine carboxypeptidase	0.901317305017506	0.0480202027881897	0.0506624921943039
K01297|muramoyltetrapeptide carboxypeptidase	0.854646086920393	0.0170037050250263	0.128350208054581
K01305|beta-aspartyl-peptidase	0.890148615307102	0.040382370548632	0.0694690141442656
K01322|prolyl oligopeptidase [EC.3.4.21.26]	0.989814774291883	0.0101852257081168	5.90540047734254e-19
K01338|ATP-dependent Lon protease [EC.3.4.21.53]	0.696179610765919	0.303820389233763	3.18033807412796e-13
K01356|repressor LexA	0.545124626707946	0.412265865423298	0.0426095078687562
K01358|ATP-dependent Clp protease, protease subunit [EC.3.4.21.92]	0.621050864015768	0.316667951741331	0.0622811842429013
K01361|lactocepin	0.680545648338779	0.264645121157056	0.0548092305041653
K01372|bleomycin hydrolase	0.882954982581356	0.117045017418644	0
K01409|O-sialoglycoprotein endopeptidase	0.763122015427172	0.236877979727395	4.84543367780832e-09
K01419|ATP-dependent HslUV protease, peptidase subunit HslV	0.538370556293068	0.438972781761298	0.0226566619456339
K01424|L-asparaginase [EC.3.5.1.1]	0.699260704913199	0.276517486657998	0.024221808428803
K01425|glutaminase [EC.3.5.1.2]	0.704667004125059	0.261485052927103	0.0338479429478383
K01428|urease subunit alpha [EC.3.5.1.5]	0.599882462966177	0.27515673686358	0.124960800170244
K01430|urease subunit gamma [EC.3.5.1.5]	0.653414292869679	0.0788452674708284	0.267740439659493
K01433|formyltetrahydrofolate deformylase [EC.3.5.1.10]	0.502268180833298	0.497731819160457	6.24548814939921e-12
K01439|succinyl-diaminopimelate desuccinylase [EC.3.5.1.18]	0.522047238569589	0.470345038374054	0.0076077230563572
K01442|choloylglycine hydrolase [EC.3.5.1.24]	0.563963513049155	0.387622117071011	0.0484143698798336
K01443|N-acetylglucosamine-6-phosphate deacetylase [EC.3.5.1.25]	0.937701945532757	0.0451469843517407	0.0171510701155018
K01448|N-acetylmuramoyl-L-alanine amidase [EC.3.5.1.28]	0.675317778338008	0.324682221134024	5.27967836486854e-10
K01465|dihydroorotase [EC.3.5.2.3]	0.766280243705712	0.233719756294288	0
K01466|allantoinase [EC.3.5.2.5]	0.658364673354819	0.0021173370497405	0.33951798959544
K01468|imidazolonepropionase [EC.3.5.2.7]	0.76374745764548	0.236252537797591	4.55692873974385e-09
K01476|arginase [EC.3.5.3.1]	0.91558375512335	0.0372855888387203	0.0471306560379298
K01478|arginine deiminase [EC.3.5.3.6]	0.662661363246538	0.337338636733532	1.99297571667199e-11
K01480|agmatinase [EC.3.5.3.11]	0.856516619883917	0.0839958270158566	0.0594875531002261
K01486|adenine deaminase [EC.3.5.4.2]	0.761192098072471	0.238807901913253	1.42761187969393e-11
K01489|cytidine deaminase [EC.3.5.4.5]	0.857734379426635	0.048382025565604	0.0938835950077607
K01491|methylenetetrahydrofolate dehydrogenase (NADP+) | methenyltetrahydrofolate cyclohydrolase [EC.1.5.1.5 3.5.4.9]	0.783177174712919	0.216821073599611	1.7516874701863e-06
K01493|dCMP deaminase [EC.3.5.4.12]	0.850781263295332	0.126488877525862	0.0227298591788061
K01494|dCTP deaminase [EC.3.5.4.13]	0.491912147704729	0.477434184393819	0.0306536679014513
K01495|GTP cyclohydrolase I [EC.3.5.4.16]	0.547778224991329	0.43267747585216	0.0195442991565104
K01497|GTP cyclohydrolase II [EC.3.5.4.25]	0.570947088148437	0.418207287154182	0.0108456246973814
K01512|acylphosphatase [EC.3.6.1.7]	0.750225478953441	0.249774519362917	1.68364229607416e-09
K01515|ADP-ribose pyrophosphatase [EC.3.6.1.13]	0.858723029334924	0.0563352935345792	0.0849416771304968
K01520|dUTP pyrophosphatase [EC.3.6.1.23]	0.504699518526368	0.488762499208759	0.00653798226487319
K01533|Cu2+-exporting ATPase	0.880576742969152	0	0.119423257030848
K01534|Zn2+-exporting ATPase	0.515952829170607	0.445652392719852	0.0383947781095409
K01537|Ca2+-transporting ATPase	0.616092892299536	0.318149096350203	0.065758011350261
K01546|K+-transporting ATPase ATPase A chain [EC.3.6.3.12]	0.422257095142292	0.480331431301011	0.097411473556697
K01571|oxaloacetate decarboxylase, alpha subunit [EC.4.1.1.3]	0.8264954247312	0.0694074834671545	0.104097091801645
K01572|oxaloacetate decarboxylase, beta subunit [EC.4.1.1.3]	0.767481682034287	0.232518317964543	1.1693952867836e-12
K01575|acetolactate decarboxylase [EC.4.1.1.5]	0.472271689231155	0.486932039310231	0.040796271458614
K01577|oxalyl-CoA decarboxylase [EC.4.1.1.8]	0.391946064284086	0.608053935715914	0
K01579|aspartate 1-decarboxylase [EC.4.1.1.11]	0.412942830957724	0.493211644740295	0.0938455243019809
K01585|arginine decarboxylase [EC.4.1.1.19]	0.629425123586027	0.340268874811305	0.0303060016026679
K01586|diaminopimelate decarboxylase [EC.4.1.1.20]	0.667790271272553	0.325453186601256	0.00675654212619102
K01588|5-(carboxyamino)imidazole ribonucleotide mutase [EC.5.4.99.18]	0.440106442338269	0.52260124292244	0.0372923147392906
K01589|5-(carboxyamino)imidazole ribonucleotide synthase [EC.6.3.4.18]	0.784796181779341	0.0868329643139132	0.128370853906745
K01591|orotidine-5-phosphate decarboxylase [EC.4.1.1.23]	0.72607199387693	0.218276457393993	0.0556515487290777
K01595|phosphoenolpyruvate carboxylase [EC.4.1.1.31]	0.784946400511394	0.201744968579503	0.0133086309091028
K01597|diphosphomevalonate decarboxylase [EC.4.1.1.33]	0.694930428448735	0.280833113510354	0.024236458040911
K01599|uroporphyrinogen decarboxylase [EC.4.1.1.37]	0.559146385823496	0.418633355544089	0.0222202586324148
K01607|4-carboxymuconolactone decarboxylase [EC.4.1.1.44]	0.508772659885807	0.446347065984416	0.0448802741297773
K01610|phosphoenolpyruvate carboxykinase (ATP) [EC.4.1.1.49]	0.745410751130967	0.224106121084963	0.0304831277840698
K01611|S-adenosylmethionine decarboxylase [EC.4.1.1.50]	0.789287702390281	0.0659097926918188	0.1448025049179
K01613|phosphatidylserine decarboxylase [EC.4.1.1.65]	0.661656034914059	0.33834396508585	9.03148221176754e-14
K01619|deoxyribose-phosphate aldolase [EC.4.1.2.4]	0.616557710004978	0.309185387152373	0.0742569028426487
K01620|threonine aldolase [EC.4.1.2.48]	0.946668217307341	0.0273552632463381	0.0259765194463213
K01624|fructose-bisphosphate aldolase, class II [EC.4.1.2.13]	0.822830966774051	0.177169033225949	0
K01625|2-dehydro-3-deoxyphosphogluconate aldolase | (4S)-4-hydroxy-2-oxoglutarate aldolase [EC.4.1.2.14 4.1.3.42]	0.903333836303042	0.0729919495970706	0.0236742140998874
K01626|3-deoxy-7-phosphoheptulonate synthase [EC.2.5.1.54]	0.538109247123578	0.45622673128882	0.00566402158760258
K01627|2-dehydro-3-deoxyphosphooctonate aldolase (KDO 8-P synthase) [EC.2.5.1.55]	0.563167425874857	0.436832574123875	1.26835979177733e-12
K01629|rhamnulose-1-phosphate aldolase [EC.4.1.2.19]	0.870767231938658	0.129232767896137	1.65205657526671e-10
K01633|dihydroneopterin aldolase | 7,8-dihydroneopterin epimerase [EC.4.1.2.25 5.1.99.8]	0.598581312024197	0.367168286979165	0.0342504009966372
K01639|N-acetylneuraminate lyase [EC.4.1.3.3]	0.929873759625175	0.0358614167058414	0.0342648236689833
K01640|hydroxymethylglutaryl-CoA lyase [EC.4.1.3.4]	0.999999999999999	1.49633299151349e-15	2.44699841472486e-19
K01641|hydroxymethylglutaryl-CoA synthase [EC.2.3.3.10]	0.675376190747571	0.270562045964851	0.0540617632875778
K01643|citrate lyase subunit alpha | citrate CoA-transferase [EC.2.8.3.10]	0.471222298255921	0.502702720145833	0.0260749815982456
