Residuals	timepoint	mouse_id
1-ACYLGLYCEROL-3-P-ACYLTRANSFER-RXN|(expasy) 1-acylglycerol-3-phosphate O-acyltransferase [2.3.1.51]	0.498155291523711	0.501844708476289	0
1.1.1.127-RXN|(expasy) 2-dehydro-3-deoxy-D-gluconate 5-dehydrogenase [1.1.1.127]	0.937355144966504	0.0626448550024154	3.10801132243878e-11
1.1.1.136-RXN|(expasy) UDP-N-acetylglucosamine 6-dehydrogenase [1.1.1.136]	0.699791299538325	0.285352534578002	0.0148561658836733
1.1.1.176-RXN|(expasy) 12-alpha-hydroxysteroid dehydrogenase [1.1.1.176]	0.631095946973081	0.304677767917295	0.064226285109624
1.1.1.251-RXN|(expasy) Galactitol-1-phosphate 5-dehydrogenase [1.1.1.251]	0.917506911645358	0.0824930872646628	1.08997871826634e-09
1.1.1.261-RXN|(expasy) sn-glycerol-1-phosphate dehydrogenase [1.1.1.261]	0.379589229876098	0.497726767497807	0.122684002626095
1.1.1.271-RXN|(expasy) GDP-L-fucose synthase [1.1.1.271]	0.661598833363503	0.338401166628015	8.48181671764821e-12
1.1.1.272-RXN|(expasy) D-2-hydroxyacid dehydrogenase (NADP(+)) [1.1.1.272]	0.609361737771355	0.339160482916403	0.0514777793122417
1.1.1.274-RXN|(expasy) 2,5-didehydrogluconate reductase (2-dehydro-D-gluconate-forming) [1.1.1.274]	0.435401145035523	0.526135902485759	0.0384629524787178
1.1.1.283-RXN|(expasy) Methylglyoxal reductase (NADPH) [1.1.1.283]	0.581780013319183	0.374328067095211	0.0438919195856058
1.1.1.291-RXN|(expasy) 2-hydroxymethylglutarate dehydrogenase [1.1.1.291]	0.900062468400605	0.0584772099133712	0.0414603216860238
1.1.1.292-RXN|(expasy) 1,5-anhydro-D-fructose reductase (1,5-anhydro-D-mannitol-forming) [1.1.1.292]	0.864554521460335	0.104709374929373	0.0307361036102921
1.1.1.39-RXN|(expasy) Malate dehydrogenase (oxaloacetate-decarboxylating) [1.1.1.38]	0.752947024704599	0.247052975114297	1.81103461851683e-10
1.1.99.28-RXN|(expasy) Glucose-fructose oxidoreductase [1.1.99.28]	0.587395393065179	0.40106741194129	0.0115371949935302
1.10.2.2-RXN|(expasy) Quinol--cytochrome-c reductase [7.1.1.8]	0.928417480896458	0.0088166417215874	0.062765877381955
1.12.1.3-RXN|(expasy) Hydrogen dehydrogenase (NADP(+)) [1.12.1.3]	0.710547111294788	0.289452686513928	2.02191283998853e-07
1.15.1.2-RXN|(expasy) Superoxide reductase [1.15.1.2]	0.852163761303512	0.108163703563306	0.0396725351331822
1.17.4.2-RXN|(expasy) Ribonucleoside-triphosphate reductase (thioredoxin) [1.17.4.2]	0.364638358261165	0.620634173285225	0.0147274684536098
1.18.1.2-RXN|(expasy) Ferredoxin--NADP(+) reductase [1.18.1.2]	0.487253528191529	0.455807499936558	0.0569389718719137
1.2.1.27-RXN|(expasy) Methylmalonate-semialdehyde dehydrogenase (CoA acylating) [1.2.1.27]	0.71182636368527	0.244489545865973	0.043684090448756
1.2.1.66-RXN|(expasy) S-(hydroxymethyl)mycothiol dehydrogenase [1.1.1.306]	0.537575369127195	0.325191517223344	0.137233113649461
1.2.3.3-RXN|(expasy) Pyruvate oxidase [1.2.3.3]	0.531127591735382	0.414873134613726	0.0539992736508916
1.2.4.4-RXN|(expasy) 3-methyl-2-oxobutanoate dehydrogenase (2-methylpropanoyl-transferring) [1.2.4.4]	0.921685949141015	0.0783140508231981	3.57870520270437e-11
1.2.7.4-RXN|(expasy) Anaerobic carbon-monoxide dehydrogenase [1.2.7.4]	0.582278701550819	0.223347301427777	0.194373997021405
1.2.7.5-RXN|(expasy) Aldehyde ferredoxin oxidoreductase [1.2.7.5]	0.544092950590344	0.454686202781711	0.00122084662794506
1.2.7.7-RXN|(expasy) 3-methyl-2-oxobutanoate dehydrogenase (ferredoxin) [1.2.7.7]	0.609780823014825	0.174433802859757	0.215785374125418
1.2.7.8-RXN|(expasy) Indolepyruvate ferredoxin oxidoreductase [1.2.7.8]	0.775958901782569	0.224041098217422	9.25978091014909e-15
1.2.99.7-RXN|(expasy) Aldehyde dehydrogenase (FAD-independent) [1.2.99.7]	0.785165825363578	0.093965158585167	0.120869016051255
1.21.4.1-RXN|(expasy) D-proline reductase [1.21.4.1]	0.755949416110172	0.17900310054316	0.0650474833466677
1.21.4.3-RXN|(expasy) Sarcosine reductase [1.21.4.3]	0.891309865697526	0.108690133432145	8.70329027963261e-10
1.21.4.4-RXN|(expasy) Betaine reductase [1.21.4.4]	0.909831343209475	0.0901686567852821	5.24330127280552e-12
1.3.1.2-RXN|(expasy) Dihydropyrimidine dehydrogenase (NADP(+)) [1.3.1.2]	0.520603640526638	0.466665584540885	0.0127307749324774
1.3.1.54-RXN|(expasy) Precorrin-6A reductase [1.3.1.54]	0.858388738399289	0.14161126160071	0
1.3.99.15-RXN|(expasy) Benzoyl-CoA reductase [1.3.7.8]	0.706175028544047	0.252006001297304	0.0418189701586485
1.4.1.11-RXN|(expasy) L-erythro-3,5-diaminohexanoate dehydrogenase [1.4.1.11]	0.742878237376113	0.214388909091754	0.0427328535321335
1.4.1.21-RXN|(expasy) Aspartate dehydrogenase [1.4.1.21]	0.691953060101497	0.30804692930833	1.05901734682688e-08
1.4.3.19-RXN|(expasy) AMBIGUOUS [1.4.3.19; 1.4.3.3]	0.823744072785926	0.0864064295746579	0.0898494976394164
1.5.1.20-RXN|(expasy) Methylenetetrahydrofolate reductase (NAD(P)H) [1.5.1.20]	0.343973550729729	0.656026449270271	0
1.5.1.7-RXN|(expasy) Saccharopine dehydrogenase (NAD(+), L-lysine-forming) [1.5.1.7]	0.840615061442303	0.159384938557655	4.21360639685601e-14
1.6.4.4-RXN|(expasy) Protein-disulfide reductase [1.8.1.8]	0.887779559938109	0	0.112220440061891
1.7.2.2-RXN|(expasy) Nitrite reductase (cytochrome; ammonia-forming) [1.7.2.2]	0.783855782578981	0.103205348573596	0.112938868847423
1.7.2.3-RXN|(expasy) Trimethylamine-N-oxide reductase [1.7.2.3]	0.770068683740701	0.016290749824548	0.213640566434751
1.8.1.4-RXN|(expasy) Dihydrolipoyl dehydrogenase [1.8.1.4]	0.848522250752189	0	0.151477749247811
1.8.4.12-RXN|(expasy) Peptide-methionine (R)-S-oxide reductase [1.8.4.12]	0.655074118614948	0.344925881367138	1.79131467321541e-11
1.8.4.14-RXN|(expasy) L-methionine (R)-S-oxide reductase [1.8.4.14]	0.548583517332873	0.259189725506569	0.192226757160558
1.8.4.8-RXN|(expasy) Phosphoadenylyl-sulfate reductase (thioredoxin) [1.8.4.8]	0.906949775792592	0.0930502242073858	2.20456509535627e-14
1.8.98.1-RXN|(expasy) Dihydromethanophenazine:CoB--CoM heterodisulfide reductase [1.8.98.1]	1	0	0
13-PROPANEDIOL-DEHYDROGENASE-RXN|(expasy) 1,3-propanediol dehydrogenase [1.1.1.202]	0.454875234286467	0.51429401595261	0.0308307497609226
1PFRUCTPHOSN-RXN|(expasy) 1-phosphofructokinase [2.7.1.56]	0.705465096615498	0.230505949237179	0.0640289541473228
1TRANSKETO-RXN|(expasy) Transketolase [2.2.1.1]	0.452539780497045	0.487216459129314	0.0602437603736408
2-AMINOADIPATE-AMINOTRANSFERASE-RXN|(expasy) 2-aminoadipate transaminase [2.6.1.39]	0.957518334395218	0	0.0424816656047822
2-DEHYDROPANTOATE-REDUCT-RXN|(expasy) 2-dehydropantoate 2-reductase [1.1.1.169]	0.406553891443573	0.568681003768468	0.0247651047879596
2-ISOPROPYLMALATESYN-RXN|(expasy) 2-isopropylmalate synthase [2.3.3.13]	0.769739497160803	0.00221592357627959	0.228044579262917
2-METHYLCITRATE-DEHYDRATASE-RXN|(expasy) 2-methylcitrate dehydratase [4.2.1.79]	0.492805630705565	0.466168870094162	0.0410254992002731
2-METHYLCITRATE-SYNTHASE-RXN|(expasy) 2-methylcitrate synthase [2.3.3.5]	0.957923904047191	0	0.0420760959528088
2-NITROPROPANE-DIOXYGENASE-RXN|(expasy) Nitronate monooxygenase [1.13.12.16]	0.608982357416678	0.278802386401049	0.112215256182272
2-OCTAPRENYL-METHOXY-BENZOQ-METH-RXN|(expasy) 2-methoxy-6-polyprenyl-1,4-benzoquinol methylase [2.1.1.201]	0.540093453520436	0.366500161443261	0.093406385036303
2-OXOBUTYRATE-SYNTHASE-RXN|(expasy) 3-methyl-2-oxobutanoate dehydrogenase (ferredoxin) [1.2.7.7]	0.609780823014825	0.174433802859757	0.215785374125418
2-OXOGLUTARATE-SYNTHASE-RXN|(expasy) 2-oxoglutarate synthase [1.2.7.3]	0.529695242107655	0.470304757892334	1.06053387178324e-14
2.1.1.130-RXN|(expasy) Precorrin-2 C(20)-methyltransferase [2.1.1.130]	0.980691327974454	0.0193086720255452	4.81676137509808e-16
2.1.1.131-RXN|(expasy) Precorrin-3B C(17)-methyltransferase [2.1.1.131]	0.948294580075735	0.0235571784009136	0.0281482415233518
2.1.1.132-RXN|(expasy) Precorrin-6B C(5,15)-methyltransferase (decarboxylating) [2.1.1.132]	0.515237971849305	0.484762028150519	1.75407974180902e-13
2.1.1.133-RXN|(expasy) Precorrin-4 C(11)-methyltransferase [2.1.1.133]	0.873400426386371	0.0302765610479753	0.0963230125656538
2.1.1.34-RXN|(expasy) tRNA (guanosine(18)-2-O)-methyltransferase [2.1.1.34]	0.865131086602334	0.085053225332729	0.0498156880649366
2.1.1.63-RXN|(expasy) Methylated-DNA--[protein]-cysteine S-methyltransferase [2.1.1.63]	0.336765147407018	0.552419424868692	0.110815427724291
2.1.1.64-RXN|(expasy) 3-demethylubiquinol 3-O-methyltransferase [2.1.1.64]	0.855135680963774	0.118266716656343	0.0265976023798828
2.1.1.72-RXN|(expasy) Site-specific DNA-methyltransferase (adenine-specific) [2.1.1.72]	0.634741796342347	0.266534451844898	0.0987237518127553
2.1.1.74-RXN|(expasy) (NAD(P)H-oxidizing) [2.1.1.74]	0.549811082183566	0.450188917799611	1.68229818596372e-11
2.1.1.77-RXN|(expasy) Protein-L-isoaspartate(D-aspartate) O-methyltransferase [2.1.1.77]	0.483471856970918	0.391796815618277	0.124731327410804
2.1.1.79-RXN|(expasy) Cyclopropane-fatty-acyl-phospholipid synthase [2.1.1.79]	0.493342752004372	0.474905654557537	0.0317515934380908
2.1.3.1-RXN|(expasy) Methylmalonyl-CoA carboxytransferase [2.1.3.1]	0.916701718948664	1.52981845484063e-09	0.083298279521517
2.1.3.9-RXN|(expasy) N-acetylornithine carbamoyltransferase [2.1.3.9]	0.487594218908772	0.367174144352312	0.145231636738916
2.3.1.128-RXN|(expasy) [Ribosomal protein S18]-alanine N-acetyltransferase [2.3.1.266]	0.802528183272072	0.146312759466065	0.0511590572618629
2.3.1.157-RXN|(expasy) Glucosamine-1-phosphate N-acetyltransferase [2.3.1.157]	0.593271354263755	0.406728645736245	0
2.3.1.179-RXN|(expasy) Beta-ketoacyl-[acyl-carrier-protein] synthase II [2.3.1.179]	0.853873142163216	0.146126857836782	1.8126347515928e-15
2.3.1.180-RXN|(expasy) Beta-ketoacyl-[acyl-carrier-protein] synthase III [2.3.1.180]	0.924537469484171	2.82237083703186e-11	0.0754625304876049
2.3.1.41-RXN|(expasy) Beta-ketoacyl-[acyl-carrier-protein] synthase I [2.3.1.41]	0.948543189295224	0.0146346180927426	0.036822192612033
2.3.1.89-RXN|(expasy) Tetrahydrodipicolinate N-acetyltransferase [2.3.1.89]	0.493070945275412	0.470713260073336	0.0362157946512521
2.4.1.109-RXN|(expasy) Dolichyl-phosphate-mannose--protein mannosyltransferase [2.4.1.109]	0.735831624296476	0.26416831319574	6.25077843312061e-08
2.4.1.129-RXN|(expasy) Peptidoglycan glycosyltransferase [2.4.1.129]	0.653307253246012	0.244554188189701	0.102138558564287
2.4.1.211-RXN|(expasy) 1,3-beta-galactosyl-N-acetylhexosamine phosphorylase [2.4.1.211]	0.711347008274209	0.288652991616811	1.0898035496028e-10
2.4.1.212-RXN|(expasy) Hyaluronan synthase [2.4.1.212]	0.675849157371984	0.128292256568834	0.195858586059183
2.4.1.230-RXN|(expasy) Kojibiose phosphorylase [2.4.1.230]	0.86704818602092	0.0607715670578139	0.0721802469212659
2.4.1.54-RXN|(expasy) Undecaprenyl-phosphate mannosyltransferase [2.4.1.54]	0.795450602218898	0.0792098826398298	0.125339515141272
2.4.1.83-RXN|(expasy) Dolichyl-phosphate beta-D-mannosyltransferase [2.4.1.83]	0.669006713521126	0.225929366012285	0.105063920466589
2.5.1.19-RXN|(expasy) 3-phosphoshikimate 1-carboxyvinyltransferase [2.5.1.19]	0.545125139008436	0.37159397732594	0.0832808836656236
2.5.1.64-RXN|(expasy) synthase [2.2.1.9]	0.848682899710278	0.0410917198278017	0.11022538046192
2.6.1.33-RXN|(expasy) dTDP-4-amino-4,6-dideoxy-D-glucose transaminase [2.6.1.33]	0.773336355710806	0.192121745328861	0.0345418989603324
2.6.1.37-RXN|(metacyc) phosphonoacetaldehyde transaminase [2.6.1.37]	0.731928267488748	0.111296747801737	0.156774984709515
2.6.1.50-RXN|(expasy) Glutamine--scyllo-inositol transaminase [2.6.1.50]	1	0	0
2.7.1.121-RXN|(expasy) Phosphoenolpyruvate--glycerone phosphotransferase [2.7.1.121]	0.918886672954777	0.0811133270451922	3.1177682053704e-14
2.7.1.148-RXN|(expasy) 4-(cytidine 5-diphospho)-2-C-methyl-D-erythritol kinase [2.7.1.148]	0.395345575872744	0.513961819380814	0.090692604746442
2.7.1.156-RXN|(expasy) Adenosylcobinamide kinase [2.7.1.156]	0.737696261228117	0.0948315527961108	0.167472185975773
2.7.1.90-RXN|(expasy) Diphosphate--fructose-6-phosphate 1-phosphotransferase [2.7.1.90]	0.483240264151211	0.410056869697521	0.106702866151268
2.7.10.1-RXN|(expasy) AMBIGUOUS [2.7.10.1; 2.7.10.2; 2.7.12.1]	0.814395159537316	0.185604840462684	0
2.7.13.3-RXN|(expasy) Histidine kinase [2.7.13.3]	0.557760691687545	0.413091863849526	0.0291474444629291
2.7.3.9-RXN|(expasy) Phosphoenolpyruvate--protein phosphotransferase [2.7.3.9]	0.316497236430483	0.683502763569516	1.57430601939947e-15
2.7.7.13-RXN|(expasy) Mannose-1-phosphate guanylyltransferase [2.7.7.13]	0.931359343318314	0.0292737848481853	0.039366871833501
2.7.7.33-RXN|(expasy) Glucose-1-phosphate cytidylyltransferase [2.7.7.33]	0.738640016194368	0.204425806161444	0.0569341776441877
2.7.7.39-RXN|(expasy) Glycerol-3-phosphate cytidylyltransferase [2.7.7.39]	0.789899298460927	0.1909683282945	0.0191323732445729
2.7.7.40-RXN|(expasy) D-ribitol-5-phosphate cytidylyltransferase [2.7.7.40]	0.672043649402592	0.230292872537001	0.0976634780604074
2.7.7.60-RXN|(expasy) 2-C-methyl-D-erythritol 4-phosphate cytidylyltransferase [2.7.7.60]	0.481411806306327	0.390749239920328	0.127838953773344
2.7.7.8-RXN|(expasy) Polyribonucleotide nucleotidyltransferase [2.7.7.8]	0.818390699880837	0.0897681159089382	0.0918411842102246
2.7.8.25-RXN|(expasy) Triphosphoribosyl-dephospho-CoA synthase [2.4.2.52]	0.449010172345292	0.50391202615316	0.0470778015015486
2.7.8.6-RXN|(expasy) Undecaprenyl-phosphate galactose phosphotransferase [2.7.8.6]	0.982390623610817	0.0176093763762939	1.28890785769346e-11
2.7.9.3-RXN|(expasy) Selenide, water dikinase [2.7.9.3]	0.474328791113431	0.471166581060073	0.0545046278264952
2.8.1.6-RXN|(expasy) Biotin synthase [2.8.1.6]	0.996559379414646	0.00344062058535436	0
2.8.3.10-RXN|(expasy) Citrate CoA-transferase [2.8.3.10]	0.458019639620576	0.541980360379424	0
2.8.3.9-RXN|(expasy) Butyrate--acetoacetate CoA-transferase [2.8.3.9]	0.958998249881527	0.0410017501184728	0
2.9.1.1-RXN|(expasy) L-seryl-tRNA(Sec) selenium transferase [2.9.1.1]	0.603233307839842	0.392262360816791	0.00450433134336759
23-DIMETHYLMALATE-LYASE-RXN|(expasy) 2,3-dimethylmalate lyase [4.1.3.32]	1	0	0
2PGADEHYDRAT-RXN|(expasy) Phosphopyruvate hydratase [4.2.1.11]	0.690501163734541	0.0928041290186859	0.216694707246774
2TRANSKETO-RXN|(expasy) Transketolase [2.2.1.1]	0.452539780497045	0.487216459129314	0.0602437603736408
3-CH3-2-OXOBUTANOATE-OH-CH3-XFER-RXN|(expasy) 3-methyl-2-oxobutanoate hydroxymethyltransferase [2.1.2.11]	0.818008801178955	0.089277123173148	0.0927140756478965
3-DEHYDRO-L-GULONATE-2-DEHYDROGENASE-RXN|(expasy) 3-dehydro-L-gulonate 2-dehydrogenase [1.1.1.130]	0.652338976115208	0.253411295878159	0.0942497280066327
3-DEHYDROQUINATE-DEHYDRATASE-RXN|(expasy) 3-dehydroquinate dehydratase [4.2.1.10]	0.745331780448838	0.143276846605411	0.111391372945751
3-DEHYDROQUINATE-SYNTHASE-RXN|(expasy) 3-dehydroquinate synthase [4.2.3.4]	0.544092567881938	0.388287362731212	0.0676200693868501
3-HYDROXBUTYRYL-COA-DEHYDRATASE-RXN|(expasy) 3-hydroxybutyryl-CoA dehydratase [4.2.1.55]	0.775097831983589	0.138739390766527	0.086162777249884
3-HYDROXYBUTYRYL-COA-DEHYDROGENASE-RXN|(expasy) 3-hydroxybutyryl-CoA dehydrogenase [1.1.1.157]	0.384466501576362	0.610058460844548	0.00547503757908948
3-HYDROXYDECANOYL-ACP-DEHYDR-RXN|(expasy) 3-hydroxyacyl-[acyl-carrier-protein] dehydratase [4.2.1.59]	0.896546950197252	0.0443399492659161	0.0591131005368317
3-HYDROXYISOBUTYRATE-DEHYDROGENASE-RXN|(expasy) 3-hydroxyisobutyrate dehydrogenase [1.1.1.31]	0.93514460479428	0.0648553952053143	4.05374548684887e-13
3-NUCLEOTID-RXN|(expasy) 3-nucleotidase [3.1.3.6]	0.874556514129945	0.123323343835211	0.00212014203484322
3-OXOACYL-ACP-REDUCT-RXN|(expasy) 3-oxoacyl-[acyl-carrier-protein] reductase [1.1.1.100]	0.646212474163701	0.329647207034692	0.024140318801607
3-OXOACYL-ACP-SYNTH-BASE-RXN|(expasy) AMBIGUOUS [2.3.1.179; 2.3.1.41]	0.853873142163216	0.146126857836782	1.8126347515928e-15
3-OXOACYL-ACP-SYNTH-RXN|(expasy) AMBIGUOUS [2.3.1.179; 2.3.1.41]	0.948543189295224	0.0146346180927426	0.036822192612033
3-OXOADIPATE-ENOL-LACTONASE-RXN|(expasy) 3-oxoadipate enol-lactonase [3.1.1.24]	1	0	0
3-OXOSTEROID-1-DEHYDROGENASE-RXN|(expasy) 3-oxosteroid 1-dehydrogenase [1.3.99.4]	0.938512223264356	0.0614877766095713	1.26072182390441e-10
3.1.1.47-RXN|(expasy) 1-alkyl-2-acetylglycerophosphocholine esterase [3.1.1.47]	0.980973108081747	0.0190268919182527	0
3.1.1.64-RXN|(metacyc) all-trans-retinyl-palmitate hydrolase [3.1.1.1]	0.464766286335352	0.495478863987132	0.0397548496775154
3.1.1.72-RXN|(expasy) Acetylxylan esterase [3.1.1.72]	0.659059301460129	0.320594454995383	0.0203462435444888
3.1.11.2-RXN|(expasy) Exodeoxyribonuclease III [3.1.11.2]	0.549087365610718	0.424324934434855	0.0265876999544266
3.1.11.6-RXN|(expasy) Exodeoxyribonuclease VII [3.1.11.6]	0.429031623750678	0.520337262336755	0.0506311139125664
3.1.13.1-RXN|(expasy) Exoribonuclease II [3.1.13.1]	0.504297055882321	0.348228598688594	0.147474345429086
3.1.13.5-RXN|(expasy) Ribonuclease D [3.1.13.5]	0.539075863461316	0.425270495443978	0.0356536410947063
3.1.21.2-RXN|(expasy) Deoxyribonuclease IV [3.1.21.2]	0.751434986088531	0.189786670003396	0.0587783439080729
3.1.21.3-RXN|(expasy) Type I site-specific deoxyribonuclease [3.1.21.3]	0.783439274599291	0.179097690227858	0.0374630351728508
3.1.21.4-RXN|(expasy) Type II site-specific deoxyribonuclease [3.1.21.4]	0.467460866510606	0.317841486416445	0.214697647072949
3.1.21.5-RXN|(expasy) Type III site-specific deoxyribonuclease [3.1.21.5]	0.709517903931194	0	0.290482096068806
3.1.21.7-RXN|(expasy) Deoxyribonuclease V [3.1.21.7]	0.78005998064548	0.103318085993179	0.11662193336134
3.1.26.11-RXN|(expasy) Ribonuclease Z [3.1.26.11]	0.376095354703697	0.57769584176963	0.0462088035266729
3.1.26.12-RXN|(expasy) Ribonuclease E [3.1.26.12]	0.45442498453492	0.405781476095219	0.139793539369861
3.1.26.3-RXN|(expasy) Ribonuclease III [3.1.26.3]	0.401427860882655	0.598572139117345	0
3.1.26.4-RXN|(expasy) Ribonuclease H [3.1.26.4]	0.49897219625022	0.398165544113766	0.102862259636014
3.1.26.5-RXN|(expasy) Ribonuclease P [3.1.26.5]	0.262826344685008	0.671869021782115	0.0653046335328772
3.1.26.8-RXN|(expasy) Ribonuclease M5 [3.1.26.8]	0.496065556235691	0.456141792930153	0.0477926508341555
3.1.3.16-RXN|(expasy) Protein-serine/threonine phosphatase [3.1.3.16]	0.501202595415266	0.428367172323057	0.070430232261677
3.1.4.1-RXN|(expasy) Phosphodiesterase I [3.1.4.1]	0.518594407761725	0.447030750781247	0.0343748414570279
3.1.4.17-RXN|(expasy) 3,5-cyclic-nucleotide phosphodiesterase [3.1.4.17]	0.957381785746148	3.22183508707937e-10	0.0426182139316685
3.11.1.3-RXN|(expasy) Phosphonopyruvate hydrolase [3.11.1.3]	0.548159240260501	0.0820249662625048	0.369815793476994
3.2.1.1-RXN|(expasy) Alpha-amylase [3.2.1.1]	0.772045381995884	0.146971623449667	0.080982994554449
3.2.1.10-RXN|(expasy) Oligo-1,6-glucosidase [3.2.1.10]	0.541889562895468	0.4161991831598	0.0419112539447321
3.2.1.131-RXN|(expasy) Xylan alpha-1,2-glucuronosidase [3.2.1.131]	0.665685664232904	0.330024543728905	0.00428979203819075
3.2.1.135-RXN|(expasy) Neopullulanase [3.2.1.135]	0.598230083593612	0.333174376166465	0.0685955402399227
3.2.1.14-RXN|(expasy) Chitinase [3.2.1.14]	0.591655257754914	0.240244371383564	0.168100370861522
3.2.1.141-RXN|(expasy) 4-alpha-D-((1->4)-alpha-D-glucano)trehalose trehalohydrolase [3.2.1.141]	0.982763769203916	0.017236230683739	1.12345472699762e-10
3.2.1.156-RXN|(expasy) Oligosaccharide reducing-end xylanase [3.2.1.156]	0.589378679755554	0.354770286023962	0.055851034220484
3.2.1.165-RXN|(expasy) Exo-1,4-beta-D-glucosaminidase [3.2.1.165]	0.728253407814191	0.271746592185809	0
3.2.1.17-RXN|(expasy) Lysozyme [3.2.1.17]	0.682200912392676	0.204816789979792	0.112982297627532
3.2.1.18-RXN|(expasy) Exo-alpha-sialidase [3.2.1.18]	0.910873651882019	0.0473912002247318	0.041735147893249
3.2.1.21-RXN|(expasy) Beta-glucosidase [3.2.1.21]	0.703147662455112	0.120720478928948	0.176131858615939
3.2.1.23-RXN|(expasy) Beta-galactosidase [3.2.1.23]	0.29148103176092	0.619660770772793	0.0888581974662872
3.2.1.25-RXN|(expasy) Beta-mannosidase [3.2.1.25]	0.919469551992646	0.0374838454673342	0.0430466025400198
3.2.1.3-RXN|(expasy) Glucan 1,4-alpha-glucosidase [3.2.1.3]	0.864016054035913	0.0955700131753454	0.0404139327887416
3.2.1.37-RXN|(expasy) Xylan 1,4-beta-xylosidase [3.2.1.37]	0.738780223025253	0.133608151814756	0.127611625159991
3.2.1.40-RXN|(expasy) Alpha-L-rhamnosidase [3.2.1.40]	0.674252300957293	0.098809437796428	0.226938261246279
3.2.1.49-RXN|(expasy) Alpha-N-acetylgalactosaminidase [3.2.1.49]	0.763303954217247	0.032499174118192	0.204196871664561
3.2.1.50-RXN|(expasy) Alpha-N-acetylglucosaminidase [3.2.1.50]	0.999713047579942	0.000286951026378196	1.39368004052016e-09
3.2.1.52-RXN|(expasy) Beta-N-acetylhexosaminidase [3.2.1.52]	0.622098832651434	0.114445094322945	0.263456073025621
3.2.1.55-RXN|(expasy) Non-reducing end alpha-L-arabinofuranosidase [3.2.1.55]	0.874034399051271	0.0779136592235676	0.0480519417251618
3.2.1.70-RXN|(expasy) Glucan 1,6-alpha-glucosidase [3.2.1.70]	0.682525989817788	0.276251176824425	0.0412228333577867
3.2.1.73-RXN|(expasy) Licheninase [3.2.1.73]	0.426776209404121	0.395380341100319	0.177843449495559
3.2.1.78-RXN|(expasy) Mannan endo-1,4-beta-mannosidase [3.2.1.78]	0.534437194294846	0.386141311431252	0.0794214942739025
3.2.1.8-RXN|(expasy) Endo-1,4-beta-xylanase [3.2.1.8]	1	0	0
3.2.1.80-RXN|(expasy) AMBIGUOUS [3.2.1.153; 3.2.1.80]	0.490503079727837	0.454656741844913	0.05484017842725
3.2.1.82-RXN|(expasy) Exo-poly-alpha-digalacturonosidase [3.2.1.82]	0.542713096142071	0.429700365196487	0.0275865386614423
3.2.1.83-RXN|(expasy) Kappa-carrageenase [3.2.1.83]	0.481295079677788	0.506336386481599	0.012368533840613
3.2.1.89-RXN|(expasy) Arabinogalactan endo-beta-1,4-galactanase [3.2.1.89]	0.794600147906238	0.0670125916929292	0.138387260400833
3.2.1.96-RXN|(expasy) Mannosyl-glycoprotein endo-beta-N-acetylglucosaminidase [3.2.1.96]	0.654143501867229	0.319100844368519	0.0267556537642517
3.2.1.99-RXN|(expasy) Arabinan endo-1,5-alpha-L-arabinosidase [3.2.1.99]	0.838280652602654	0.0465417086651167	0.115177638732229
3.2.2.15-RXN|(expasy) DNA-deoxyinosine glycosylase [3.2.2.15]	0.792991121247371	0.155214090437324	0.0517947883153048
3.2.2.23-RXN|(expasy) DNA-formamidopyrimidine glycosylase [3.2.2.23]	0.484900349304711	0.45854697129141	0.0565526794038786
3.2.2.24-RXN|(expasy) ADP-ribosyl-[dinitrogen reductase] hydrolase [3.2.2.24]	0.750347655558147	0.249652344438823	3.03065894846824e-12
3.4.11.1-RXN|(expasy) AMBIGUOUS [3.4.11.1; 3.4.11.9]	0.619782905281862	0.300250757166798	0.0799663375513402
3.4.11.10-RXN|(expasy) Bacterial leucyl aminopeptidase [3.4.11.10]	0.62581392858991	0.297894513083028	0.0762915583270621
3.4.11.18-RXN|(expasy) Methionyl aminopeptidase [3.4.11.18]	0.371896155080121	0.628103844919876	3.19813196720139e-15
3.4.11.2-RXN|(expasy) AMBIGUOUS [3.4.11.14; 3.4.11.2]	0.545007535451059	0.451215446350456	0.00377701819848595
3.4.11.4-RXN|(expasy) Tripeptide aminopeptidase [3.4.11.4]	0.480134127798199	0.250872093515941	0.26899377868586
3.4.11.5-RXN|(expasy) Prolyl aminopeptidase [3.4.11.5]	0.584023758782964	0.381134690744927	0.0348415504721092
3.4.11.6-RXN|(expasy) Aminopeptidase B [3.4.11.6]	0.866794998527355	0.133205001472645	0
3.4.11.9-RXN|(expasy) Xaa-Pro aminopeptidase [3.4.11.9]	0.873638593689143	0.00797350645403003	0.118387899856827
3.4.13.18-RXN|(expasy) Cytosol nonspecific dipeptidase [3.4.13.18]	0.922726523649331	1.26790738657768e-19	0.0772734763506686
3.4.13.20-RXN|(expasy) Beta-Ala-His dipeptidase [3.4.13.20]	0.880060564935318	0.0985851290379435	0.021354306026738
3.4.13.21-RXN|(expasy) Dipeptidase E [3.4.13.21]	0.879179164549128	0	0.120820835450872
3.4.13.22-RXN|(expasy) D-Ala-D-Ala dipeptidase [3.4.13.22]	0.912036127077891	8.61549897016311e-23	0.0879638729221086
3.4.13.9-RXN|(expasy) Xaa-Pro dipeptidase [3.4.13.9]	0.669845006315722	0.295955206551164	0.0341997871331141
3.4.14.11-RXN|(expasy) Xaa-Pro dipeptidyl-peptidase [3.4.14.11]	0.486970574431524	0.466548853095677	0.0464805724727995
3.4.14.12-RXN|(expasy) Xaa-Xaa-Pro tripeptidyl-peptidase [3.4.14.12]	0.544793157112537	0.302549412805077	0.152657430082386
3.4.14.4-RXN|(expasy) Dipeptidyl-peptidase III [3.4.14.4]	0.766032285344294	0.122967923397306	0.110999791258401
3.4.14.5-RXN|(expasy) Dipeptidyl-peptidase IV [3.4.14.5]	0.697512549743989	0.218685798040617	0.0838016522153941
3.4.15.5-RXN|(expasy) Peptidyl-dipeptidase Dcp [3.4.15.5]	0.917050769474781	0.00253736326642734	0.0804118672587911
3.4.16.4-RXN|(expasy) Serine-type D-Ala-D-Ala carboxypeptidase [3.4.16.4]	0.432546748612708	0.505667805619313	0.0617854457679786
3.4.17.13-RXN|(expasy) Muramoyltetrapeptide carboxypeptidase [3.4.17.13]	0.805258637412952	5.92191222765327e-10	0.194741361994857
3.4.17.14-RXN|(expasy) Zinc D-Ala-D-Ala carboxypeptidase [3.4.17.14]	0.773059441354436	0.226940558645564	0
3.4.17.19-RXN|(expasy) Carboxypeptidase Taq [3.4.17.19]	0.66471183794475	0.335288162053893	1.35669309658015e-12
3.4.17.8-RXN|(expasy) AMBIGUOUS [3.4.16.4; 3.4.17.8]	0.432546748612708	0.505667805619313	0.0617854457679786
3.4.19.11-RXN|(expasy) Gamma-D-glutamyl-meso-diaminopimelate peptidase [3.4.19.11]	0.811854632233569	0.108001114661754	0.0801442531046765
3.4.21.102-RXN|(expasy) C-terminal processing peptidase [3.4.21.102]	0.752341425766915	0.124550598501898	0.123107975731186
3.4.21.105-RXN|(expasy) Rhomboid protease [3.4.21.105]	0.648369584703643	0.220892243779056	0.130738171517301
3.4.21.107-RXN|(expasy) Peptidase Do [3.4.21.107]	0.843282187570144	0.0200700294903257	0.13664778293953
3.4.21.108-RXN|(expasy) HtrA2 peptidase [3.4.21.108]	0.514481478290999	0.255151023571145	0.230367498137856
3.4.21.116-RXN|(expasy) SpoIVB peptidase [3.4.21.116]	0.592702947863883	0.401230598209128	0.00606645392698857
3.4.21.26-RXN|(expasy) Prolyl oligopeptidase [3.4.21.26]	0.989814774291883	0.0101852257081168	5.90540047734254e-19
3.4.21.53-RXN|(expasy) Endopeptidase La [3.4.21.53]	0.69268378609975	0.307060227316107	0.0002559865841432
3.4.21.62-RXN|(expasy) Subtilisin [3.4.21.62]	0.768248369850682	0.0346550937599661	0.197096536389352
3.4.21.88-RXN|(expasy) Repressor LexA [3.4.21.88]	0.396162222521495	0.603837777472905	5.60004368152056e-12
3.4.21.89-RXN|(expasy) Signal peptidase I [3.4.21.89]	0.363514240995878	0.609691531931108	0.0267942270730137
3.4.21.92-RXN|(expasy) Endopeptidase Clp [3.4.21.92]	0.48883953440447	0.511160408772041	5.68234897231527e-08
3.4.22.40-RXN|(expasy) Bleomycin hydrolase [3.4.22.40]	0.597887114741649	0.363409987494773	0.0387028977635777
3.4.22.8-RXN|(expasy) Clostripain [3.4.22.8]	0.889461091613467	0.110538908386533	0
3.4.23.43-RXN|(expasy) Prepilin peptidase [3.4.23.43]	0.96492150065941	4.06098378571416e-23	0.0350784993405905
3.4.24.3-RXN|(expasy) Microbial collagenase [3.4.24.3]	1	0	0
3.4.24.55-RXN|(expasy) Pitrilysin [3.4.24.55]	0.830824988041878	0.103034916936623	0.0661400950214984
3.4.24.64-RXN|(expasy) Mitochondrial processing peptidase [3.4.24.64]	0.988122779963762	0.0118772200362385	0
3.4.24.70-RXN|(expasy) Oligopeptidase A [3.4.24.70]	0.971749240558784	0.0282507594408984	3.17647403575205e-13
3.4.24.71-RXN|(expasy) Endothelin-converting enzyme 1 [3.4.24.71]	0.776167059257704	0.0741256010736328	0.149707339668663
3.4.24.75-RXN|(expasy) Lysostaphin [3.4.24.75]	0.889054196902041	0.0248505340912269	0.0860952690067316
3.4.25.1-RXN|(expasy) Proteasome endopeptidase complex [3.4.25.1]	0.960083877724503	0.0399161222754966	0
3.5.1.26-RXN|(expasy) N(4)-(beta-N-acetylglucosaminyl)-L-asparaginase [3.5.1.26]	0.856192808245084	0.07824992557255	0.0655572661823661
3.5.1.27-RXN|(expasy) Peptide deformylase [3.5.1.88]	0.422048887379979	0.568354445252843	0.00959666736717889
3.5.1.77-RXN|(expasy) N-carbamoyl-D-amino-acid hydrolase [3.5.1.77]	0.883329667059393	0.116670332908866	3.1741067019026e-11
3.5.1.80-RXN|(expasy) N-acetylglucosamine-6-phosphate deacetylase [3.5.1.25]	0.856914830084191	0.143085169915809	0
3.5.1.81-RXN|(expasy) N-acyl-D-amino-acid deacylase [3.5.1.81]	0.856189701969575	0.143810298027406	3.01909292526298e-12
3.5.1.88-RXN|(expasy) Peptide deformylase [3.5.1.88]	0.422048887379979	0.568354445252843	0.00959666736717889
3.5.1.91-RXN|(expasy) N-substituted formamide deformylase [3.5.1.91]	1	0	0
3.5.4.30-RXN|(expasy) dCTP deaminase (dUMP-forming) [3.5.4.30]	0.694058278819049	0.270554338799276	0.0353873823816742
3.6.1.41-RXN|(expasy) Bis(5-nucleosyl)-tetraphosphatase (symmetrical) [3.6.1.41]	0.970813418759398	0.0291865812406024	6.47083202645963e-20
3.6.3.28-RXN|(expasy) ABC-type phosphonate transporter [7.3.2.2]	0.626614083583922	0.334826596719634	0.0385593196964435
3.8.1.8-RXN|(expasy) Atrazine chlorohydrolase [3.8.1.8]	0.849010918227141	0.129758933747294	0.0212301480255649
325-BISPHOSPHATE-NUCLEOTIDASE-RXN|(expasy) 3(2),5-bisphosphate nucleotidase [3.1.3.7]	0.631848812127458	0.368151186646449	1.22609341185498e-09
3OHSTEROXRED-RXN|(expasy) 3-alpha-hydroxybile acid CoA 3-dehydrogenase [1.1.1.395]	0.441102198380605	0.377232019772641	0.181665781846754
3PGAREARR-RXN|(expasy) Phosphoglycerate mutase (2,3-diphosphoglycerate-independent) [5.4.2.12]	0.917567189399845	0.0752953753484153	0.00713743525173943
4-CARBOXYMUCONOLACTONE-DECARBOXYLASE-RXN|(expasy) 4-carboxymuconolactone decarboxylase [4.1.1.44]	0.512743733923511	0.485706082129848	0.0015501839466406
4-PYRIDOXOLACTONASE-RXN|(expasy) 4-pyridoxolactonase [3.1.1.27]	0.841686221863019	0.0956752514281386	0.0626385267088425
4.1.1.32-RXN|(expasy) Phosphoenolpyruvate carboxykinase (GTP) [4.1.1.32]	0.600395531865864	0.371592135110938	0.0280123330231975
4.1.1.76-RXN|(expasy) Arylmalonate decarboxylase [4.1.1.76]	0.81347896777766	0.0920829366367065	0.0944380955856335
4.1.1.82-RXN|(expasy) Phosphonopyruvate decarboxylase [4.1.1.82]	0.825291537312304	0.174708462685295	2.40058399896374e-12
4.1.1.83-RXN|(expasy) 4-hydroxyphenylacetate decarboxylase [4.1.1.83]	0.953058890091127	0.0469411098992404	9.63209448767389e-12
4.1.2.29-RXN|(expasy) 5-dehydro-2-deoxyphosphogluconate aldolase [4.1.2.29]	0.835662767510972	0.164337232489028	0
4.1.2.42-RXN|(expasy) D-threonine aldolase [4.1.2.42]	0.558032525050848	0.418502707981766	0.0234647669673861
4.2.1.58-RXN|(metacyc) (3R)-3-hydroxybutanoyl-[acyl-carrier-protein] hydratase [4.2.1.59]	0.896546950197252	0.0443399492659161	0.0591131005368317
4.2.1.59-RXN|(expasy) 3-hydroxyacyl-[acyl-carrier-protein] dehydratase [4.2.1.59]	0.896546950197252	0.0443399492659161	0.0591131005368317
4.2.1.61-RXN|(expasy) 3-hydroxyacyl-[acyl-carrier-protein] dehydratase [4.2.1.59]	0.896546950197252	0.0443399492659161	0.0591131005368317
4.2.1.99-RXN|(expasy) 2-methylisocitrate dehydratase [4.2.1.99]	0.505023461576267	0.488728086315944	0.00624845210778832
4.2.2.2-RXN|(expasy) Pectate lyase [4.2.2.2]	0.836515023094971	0.163484976895431	9.59809815822964e-12
4.2.2.7-RXN|(expasy) Heparin lyase [4.2.2.7]	0.898961542225159	0.101038457774841	1.30754830030286e-20
4.2.2.8-RXN|(expasy) Heparin-sulfate lyase [4.2.2.8]	0.647712973053359	0.322173419317831	0.0301136076288104
4.2.3.12-RXN|(expasy) 6-pyruvoyltetrahydropterin synthase [4.2.3.12]	0.998940814387123	0	0.00105918561287742
4.2.99.18-RXN|(expasy) DNA-(apurinic or apyrimidinic site) lyase [4.2.99.18]	0.317641134831146	0.673616972823013	0.00874189234584136
4.3.1.14-RXN|(expasy) 3-aminobutyryl-CoA ammonia-lyase [4.3.1.14]	1	0	0
4.3.1.15-RXN|(expasy) Diaminopropionate ammonia-lyase [4.3.1.15]	0.831278493835965	0.106507966080824	0.0622135400832112
4.3.1.17-RXN|(expasy) L-serine ammonia-lyase [4.3.1.17]	0.445646377567382	0.520831004987379	0.0335226174452385
4.3.1.4-RXN|(expasy) Formimidoyltetrahydrofolate cyclodeaminase [4.3.1.4]	0.97152848149329	2.90496149596754e-11	0.02847151847766
4.99.1.3-RXN|(expasy) Sirohydrochlorin cobaltochelatase [4.99.1.3]	0.967911696826411	0.0320883031089981	6.4591273128089e-11
4OH2OXOGLUTARALDOL-RXN|(expasy) 4-hydroxy-2-oxoglutarate aldolase [4.1.3.16]	0.880350153674644	1.50791350056223e-11	0.119649846310277
5-DEHYDRO-2-DEOXYGLUCONOKINASE-RXN|(expasy) 5-dehydro-2-deoxygluconokinase [2.7.1.92]	0.789981223969965	0.199455077305737	0.0105636987242981
5-FORMYL-THF-CYCLO-LIGASE-RXN|(expasy) 5-formyltetrahydrofolate cyclo-ligase [6.3.3.2]	0.469064632139388	0.360542531793777	0.170392836066834
5-METHYLTHIORIBOSE-KINASE-RXN|(expasy) S-methyl-5-thioribose kinase [2.7.1.100]	0.741829402659329	0.258170597128393	2.12277601055968e-10
5-NUCLEOTID-RXN|(expasy) 5-nucleotidase [3.1.3.5]	0.803808658142962	0.0293831469489272	0.16680819490811
5-OXOPROLINASE-ATP-HYDROLYSING-RXN|(expasy) 5-oxoprolinase (ATP-hydrolyzing) [3.5.2.9]	0.829316447938239	0.0683397291362403	0.102343822925521
5.1.3.20-RXN|(expasy) ADP-glyceromanno-heptose 6-epimerase [5.1.3.20]	0.739463940849744	0.130962150221616	0.129573908928639
5.1.3.21-RXN|(expasy) Maltose epimerase [5.1.3.21]	0.421662907152863	0.54739804033445	0.0309390525126867
5.1.3.23-RXN|(expasy) UDP-2,3-diacetamido-2,3-dideoxyglucuronic acid 2-epimerase [5.1.3.23]	0.60742024667541	0.392579753065966	2.58624760849869e-10
5.1.3.9-RXN|(expasy) N-acylglucosamine-6-phosphate 2-epimerase [5.1.3.9]	0.297608104944488	0.702391895055512	0
5.3.1.17-RXN|(expasy) 5-dehydro-4-deoxy-D-glucuronate isomerase [5.3.1.17]	0.699580905193266	0.129395845192371	0.171023249614363
5.3.1.23-RXN|(expasy) S-methyl-5-thioribose-1-phosphate isomerase [5.3.1.23]	0.736791018625717	0.220887127331406	0.0423218540428778
5.3.3.10-RXN|(expasy) 5-carboxymethyl-2-hydroxymuconate Delta-isomerase [5.3.3.10]	0.804711921998961	0.0678452679174049	0.127442810083634
5.4.1.2-RXN|(expasy) Precorrin-8X methylmutase [5.4.99.61]	0.641447178550148	0.232691990250944	0.125860831198908
5.4.2.10-RXN|(expasy) Phosphoglucosamine mutase [5.4.2.10]	0.336404195759932	0.662337307810638	0.00125849642943016
6-CARBOXYHEXANOATE--COA-LIGASE-RXN|(expasy) 6-carboxyhexanoate--CoA ligase [6.2.1.14]	0.590164878620493	0.289851705721701	0.119983415657806
6-PHOSPHO-BETA-GALACTOSIDASE-RXN|(expasy) 6-phospho-beta-galactosidase [3.2.1.85]	0.666750607592361	0.288004269604938	0.0452451228027017
6-PHOSPHO-BETA-GLUCOSIDASE-RXN|(expasy) 6-phospho-beta-glucosidase [3.2.1.86]	0.568116852323151	0.400582860429719	0.0313002872471299
6.1.1.23-RXN|(expasy) Aspartate--tRNA(Asn) ligase [6.1.1.23]	0.447110949918634	0.395589044233183	0.157300005848183
6.3.2.10-RXN|(expasy) UDP-N-acetylmuramoyl-tripeptide--D-alanyl-D-alanine ligase [6.3.2.10]	0.320156302486092	0.679843697513763	1.44662387280465e-13
6.3.5.7-RXN|(expasy) Glutaminyl-tRNA synthase (glutamine-hydrolyzing) [6.3.5.7]	0.358659421523282	0.641340578476718	0
6PFRUCTPHOS-RXN|(expasy) 6-phosphofructokinase [2.7.1.11]	0.609694404645863	0.306765193491096	0.0835404018630407
6PGLUCONOLACT-RXN|(expasy) 6-phosphogluconolactonase [3.1.1.31]	0.578688374546617	0.277958677686509	0.143352947766874
7KAPSYN-RXN|(expasy) 8-amino-7-oxononanoate synthase [2.3.1.47]	0.61762727077615	0.366257071013882	0.0161156582099685
ABC-23-RXN|(expasy) ABC-type phosphonate transporter [7.3.2.2]	0.626614083583922	0.334826596719634	0.0385593196964435
ABC-27-RXN|(expasy) ABC-type phosphate transporter [7.3.2.1]	0.296357487663442	0.703642512336556	1.90710500001742e-15
ACECOATRANS-RXN|(expasy) Acetate CoA-transferase [2.8.3.8]	0.898481010000554	0.101518989942934	5.65117180237288e-11
ACETALD-DEHYDROG-RXN|(expasy) Acetaldehyde dehydrogenase (acetylating) [1.2.1.10]	0.981124136333517	1.89513232443833e-17	0.0188758636664826
ACETATE--COA-LIGASE-RXN|(expasy) Acetate--CoA ligase [6.2.1.1]	0.978971917672649	0.0210280823273513	1.67726483745373e-19
ACETATEKIN-RXN|(expasy) AMBIGUOUS [2.7.2.1; 2.7.2.15]	0.318888984169956	0.644930374683995	0.0361806411460491
ACETOACETATE-DECARBOXYLASE-RXN|(expasy) Acetoacetate decarboxylase [4.1.1.4]	0.999999999999994	0	6.09008490376851e-15
ACETOACETYL-COA-TRANSFER-RXN|(expasy) Butyrate--acetoacetate CoA-transferase [2.8.3.9]	0.958998249881527	0.0410017501184728	0
ACETOLACTATE-DECARBOXYLASE-RXN|(expasy) Acetolactate decarboxylase [4.1.1.5]	0.543284975456427	0.416650271331026	0.0400647532125471
ACETOLACTREDUCTOISOM-RXN|(expasy) Ketol-acid reductoisomerase (NADP(+)) [1.1.1.86]	0.637791405366669	0.0141457432755135	0.348062851357818
ACETOLACTSYN-RXN|(expasy) Acetolactate synthase [2.2.1.6]	0.469312450872847	0.429467831588899	0.101219717538254
ACETOOHBUTREDUCTOISOM-RXN|(expasy) Ketol-acid reductoisomerase (NADP(+)) [1.1.1.86]	0.637791405366669	0.0141457432755135	0.348062851357818
ACETOOHBUTSYN-RXN|(metacyc) 2-aceto-2-hydroxy-butyrate synthase [2.2.1.6]	0.469312450872847	0.429467831588899	0.101219717538254
ACETYL-COA-ACETYLTRANSFER-RXN|(expasy) AMBIGUOUS [2.3.1.16; 2.3.1.9]	0.600894563031888	0.378076832340448	0.0210286046276642
ACETYL-COA-CARBOXYLTRANSFER-RXN|(expasy) Acetyl-CoA carboxylase [6.4.1.2]	0.336885200993686	0.564347916976784	0.0987668820295304
ACETYLGLUTKIN-RXN|(expasy) Acetylglutamate kinase [2.7.2.8]	0.519236302735414	0.378072983406242	0.102690713858344
ACETYLHOMOSER-CYS-RXN|(expasy) O-acetylhomoserine aminocarboxypropyltransferase [2.5.1.49]	0.841684440575423	0.158315559424576	4.87033704112255e-16
ACETYLORNDEACET-RXN|(expasy) Acetylornithine deacetylase [3.5.1.16]	0.63092285583608	0.207221936258777	0.161855207905142
ACETYLORNTRANSAM-RXN|(expasy) Acetylornithine transaminase [2.6.1.11]	0.623982670820623	0.295548123170033	0.0804692060093442
ACETYLSYNCLTH-RXN|(expasy) CO-methylating acetyl-CoA synthase [2.3.1.169]	0.692912083090709	0.295028459828317	0.0120594570809738
ACID-PHOSPHATASE-RXN|(expasy) Acid phosphatase [3.1.3.2]	0.56916836062922	0.379414317661439	0.0514173217093405
ACNEULY-RXN|(expasy) N-acetylneuraminate lyase [4.1.3.3]	0.621433472983662	0.14273658101414	0.235829946002198
ACSERLY-RXN|(expasy) Cysteine synthase [2.5.1.47]	0.445081401510859	0.554918598488877	2.63611435581179e-13
ACYLPHOSPHATASE-RXN|(expasy) Acylphosphatase [3.6.1.7]	0.403022121088822	0.596977878911173	4.89709383482381e-15
ADCLY-RXN|(expasy) Aminodeoxychorismate lyase [4.1.3.38]	0.937414926627584	1.53111074418161e-17	0.0625850733724164
ADENINE-DEAMINASE-RXN|(expasy) Adenine deaminase [3.5.4.2]	0.509652959317274	0.472363527458717	0.0179835132240093
ADENOSYLHOMOCYSTEINASE-RXN|(expasy) Adenosylhomocysteinase [3.3.1.1]	0.540428805980007	0.452044084720228	0.00752710929976476
ADENOSYLHOMOCYSTEINE-NUCLEOSIDASE-RXN|(expasy) Adenosylhomocysteine nucleosidase [3.2.2.9]	0.282224327464352	0.708473639705163	0.00930203283048533
ADENPHOSPHOR-RXN|(expasy) Purine-nucleoside phosphorylase [2.4.2.1]	0.428156206927099	0.567001340310746	0.00484245276215572
ADENPRIBOSYLTRAN-RXN|(expasy) Adenine phosphoribosyltransferase [2.4.2.7]	0.56797693927996	0.158838393645864	0.273184667074176
ADENYL-KIN-RXN|(expasy) Adenylate kinase [2.7.4.3]	0.265595283211717	0.692643253923178	0.0417614628651049
ADENYLATECYC-RXN|(expasy) Adenylate cyclase [4.6.1.1]	0.535887432617024	0.18624452915769	0.277868038225286
ADENYLOSUCCINATE-SYNTHASE-RXN|(expasy) Adenylosuccinate synthase [6.3.4.4]	0.434937740933376	0.542240028277486	0.0228222307891385
ADENYLYLSULFATE-REDUCTASE-RXN|(expasy) Adenylyl-sulfate reductase [1.8.99.2]	1	0	0
ADENYLYLSULFKIN-RXN|(expasy) Adenylyl-sulfate kinase [2.7.1.25]	0.47216148561735	0.416716839745529	0.111121674637122
ADOMET-DMK-METHYLTRANSFER-RXN|(expasy) Demethylmenaquinone methyltransferase [2.1.1.163]	0.699423280317673	0.108320381298056	0.192256338384271
ADPREDUCT-RXN|(metacyc) ADP reductase [1.17.4.1]	0.840591330259131	0	0.159408669740869
AGMATIN-RXN|(expasy) Agmatinase [3.5.3.11]	0.81711854388064	0.137173175916777	0.0457082802025834
AGMATINE-DEIMINASE-RXN|(expasy) Agmatine deiminase [3.5.3.12]	0.408067764220497	0.590446535740427	0.00148570003907587
AICARSYN-RXN|(expasy) Adenylosuccinate lyase [4.3.2.2]	0.467423017563624	0.491087497526905	0.0414894849094705
AICARTRANSFORM-RXN|(expasy) Phosphoribosylaminoimidazolecarboxamide formyltransferase [2.1.2.3]	0.941282247816178	0.058717752183822	0
AIRCARBOXY-RXN|(expasy) Phosphoribosylaminoimidazole carboxylase [4.1.1.21]	0.993319543506648	0.00668045649335203	1.03038580298852e-19
AIRS-RXN|(expasy) Phosphoribosylformylglycinamidine cyclo-ligase [6.3.3.1]	0.339662985755703	0.660337014244297	0
AKBLIG-RXN|(expasy) Glycine C-acetyltransferase [2.3.1.29]	0.949923467263647	3.67733932703546e-10	0.0500765323686193
