Residuals	weight_grams_scaled	lipocalin2_pg_ml_scaled	number_of_pups_scaled	genotype
1-ACYLGLYCEROL-3-P-ACYLTRANSFER-RXN|(expasy) 1-acylglycerol-3-phosphate O-acyltransferase [2.3.1.51]	0.973087942876514	0.0083984234515359	0.0122369364819422	0.00627669719000797	0
1.1.1.127-RXN|(expasy) 2-dehydro-3-deoxy-D-gluconate 5-dehydrogenase [1.1.1.127]	0.909166015864203	0.0262407508397791	0.0175028615993041	0.00757593301619177	0.039514438680522
1.1.1.136-RXN|(expasy) UDP-N-acetylglucosamine 6-dehydrogenase [1.1.1.136]	0.703737878748648	0.0517746788168069	0.218106149997786	0.0263812924367586	0
1.1.1.261-RXN|(expasy) sn-glycerol-1-phosphate dehydrogenase [1.1.1.261]	0.96696256271416	0.00282332053436124	0.0141999917108862	0.0160141250405928	0
1.1.1.271-RXN|(expasy) GDP-L-fucose synthase [1.1.1.271]	0.933746380695914	0.0563042466658762	0.00981187615703707	0.000137496481173281	0
1.1.1.272-RXN|(expasy) D-2-hydroxyacid dehydrogenase (NADP(+)) [1.1.1.272]	0.952654178219158	5.48671343052521e-05	0.0354195503596837	0.0118714042868534	0
1.1.1.274-RXN|(expasy) 2,5-didehydrogluconate reductase (2-dehydro-D-gluconate-forming) [1.1.1.274]	0.83097089497604	0.0276262479249346	0.0324338961706942	0.0329016945255207	0.07606726640281
1.1.1.283-RXN|(expasy) Methylglyoxal reductase (NADPH) [1.1.1.283]	0.913875092519217	0.0214271613321617	0.0122079405609184	0.000520752998392473	0.0519690525893102
1.1.1.292-RXN|(expasy) 1,5-anhydro-D-fructose reductase (1,5-anhydro-D-mannitol-forming) [1.1.1.292]	0.775451623367618	0.127615791703949	0.0605569118771821	0.0363756730512501	0
1.1.1.39-RXN|(expasy) Malate dehydrogenase (oxaloacetate-decarboxylating) [1.1.1.38]	0.864027743753079	3.50107639803107e-05	0.1358879739168	4.9271566141069e-05	0
1.1.99.28-RXN|(expasy) Glucose-fructose oxidoreductase [1.1.99.28]	0.897465958507347	0.0621233832983004	0.00623102719979602	0.0341796309945568	0
1.15.1.2-RXN|(expasy) Superoxide reductase [1.15.1.2]	0.850977462907377	0.00473031648475313	0.14164564677188	0.00264657383599027	0
1.17.4.2-RXN|(expasy) Ribonucleoside-triphosphate reductase (thioredoxin) [1.17.4.2]	0.856666428823359	0.106208847346086	0.0324094160627017	0.00471530776785342	0
1.18.1.2-RXN|(expasy) Ferredoxin--NADP(+) reductase [1.18.1.2]	0.728145280896376	0.202375795799252	0.0264170025129601	0.0430619207914113	0
1.2.3.3-RXN|(expasy) Pyruvate oxidase [1.2.3.3]	0.909985982363274	0.0220546853636937	0.00421565173248979	0.0637436805405427	0
1.2.4.4-RXN|(expasy) 3-methyl-2-oxobutanoate dehydrogenase (2-methylpropanoyl-transferring) [1.2.4.4]	0.973937677230407	0.00104230843184162	0.022911982513299	0.0021080318244527	0
1.2.7.4-RXN|(expasy) Anaerobic carbon-monoxide dehydrogenase [1.2.7.4]	0.736502368899045	0.0968027205919895	0.122871500007009	0.0438234105019571	0
1.2.7.7-RXN|(expasy) 3-methyl-2-oxobutanoate dehydrogenase (ferredoxin) [1.2.7.7]	0.620357370253293	0.216671369679789	0.159993015266845	0.00297824480007239	0
1.2.7.8-RXN|(expasy) Indolepyruvate ferredoxin oxidoreductase [1.2.7.8]	0.889211219018787	0.00233206177810376	0.0239933797600354	0.0283137133655517	0.0561496260775222
1.2.99.7-RXN|(expasy) Aldehyde dehydrogenase (FAD-independent) [1.2.99.7]	0.704530738201412	0.0961176511189878	0.116665691791455	0.0826859188881448	0
1.21.4.1-RXN|(expasy) D-proline reductase [1.21.4.1]	0.917745622951144	0.0344603518607702	0.0441091855363664	0.00368483965171948	0
1.21.4.3-RXN|(expasy) Sarcosine reductase [1.21.4.3]	0.519052091963189	0.0961200963146025	0.304751840381711	0.080075971340497	0
1.21.4.4-RXN|(expasy) Betaine reductase [1.21.4.4]	0.572328305960223	0.140383008961387	0.253248423167198	0.0340402619111924	0
1.3.1.54-RXN|(expasy) Precorrin-6A reductase [1.3.1.54]	0.955458404103715	0.000339552769209839	0.00068008473267853	0.0435219583943965	0
1.4.1.11-RXN|(expasy) L-erythro-3,5-diaminohexanoate dehydrogenase [1.4.1.11]	0.93116693963415	0.00939282616044119	0.0356600643644665	0.0237801698409422	0
1.4.1.21-RXN|(expasy) Aspartate dehydrogenase [1.4.1.21]	0.915240033529508	0.000602655288630053	0.021422804557946	0.0627345066239162	0
1.5.1.20-RXN|(expasy) Methylenetetrahydrofolate reductase (NAD(P)H) [1.5.1.20]	0.955002446138354	0.00464513823730986	0.000200203117839452	0.0401522125064967	0
1.5.1.7-RXN|(expasy) Saccharopine dehydrogenase (NAD(+), L-lysine-forming) [1.5.1.7]	0.425121691364115	0.000581153810048145	0.0682787284271046	0.0661770397979043	0.439841386600828
1.6.4.4-RXN|(expasy) Protein-disulfide reductase [1.8.1.8]	0.90473654806869	0.0220683292803111	0.00821351490629171	0.0649816077447067	0
1.7.2.2-RXN|(expasy) Nitrite reductase (cytochrome; ammonia-forming) [1.7.2.2]	0.906434366384601	0.00149353278011585	0.0682766575012449	0.0237954433340377	0
1.7.2.3-RXN|(expasy) Trimethylamine-N-oxide reductase [1.7.2.3]	0.64832129859929	0.086690347650998	0.0190599052168129	0.2459284485329	0
1.8.1.4-RXN|(expasy) Dihydrolipoyl dehydrogenase [1.8.1.4]	0.750161268717395	0.217221523443582	0.0319168053563324	0.000700402482691383	0
1.8.4.12-RXN|(expasy) Peptide-methionine (R)-S-oxide reductase [1.8.4.12]	0.966777889284278	0.00921875757516574	0.000337732932031596	0.0236656202085249	0
1.8.4.14-RXN|(expasy) L-methionine (R)-S-oxide reductase [1.8.4.14]	0.811042581795814	0.0751383854178212	0.113796859927658	2.21728587072899e-05	0
13-PROPANEDIOL-DEHYDROGENASE-RXN|(expasy) 1,3-propanediol dehydrogenase [1.1.1.202]	0.85077211278773	0.00197365242534505	0.085971440618183	0.00891112161013142	0.052371672558611
1PFRUCTPHOSN-RXN|(expasy) 1-phosphofructokinase [2.7.1.56]	0.784055736143392	0.122596189147706	0.0110301810230537	0.03099705771469	0.0513208359711583
1TRANSKETO-RXN|(expasy) Transketolase [2.2.1.1]	0.98448541856067	2.52431693657445e-06	0.00172943798791258	0.0137826191344808	0
2-DEHYDROPANTOATE-REDUCT-RXN|(expasy) 2-dehydropantoate 2-reductase [1.1.1.169]	0.941658505007788	0.0433058915873122	0.000552211095565688	0.0144833923093337	0
2-ISOPROPYLMALATESYN-RXN|(expasy) 2-isopropylmalate synthase [2.3.3.13]	0.794674717305526	0.169970390660406	0.00993119266642131	0.025423699367647	0
2-METHYLCITRATE-DEHYDRATASE-RXN|(expasy) 2-methylcitrate dehydratase [4.2.1.79]	0.802238472203842	0.0150400613875043	0.000564863946111531	0.142122992786124	0.0400336096764175
2-NITROPROPANE-DIOXYGENASE-RXN|(expasy) Nitronate monooxygenase [1.13.12.16]	0.978660368059431	0.00948607084291968	0.0054732539243034	0.00638030717334581	0
2-OCTAPRENYL-METHOXY-BENZOQ-METH-RXN|(expasy) 2-methoxy-6-polyprenyl-1,4-benzoquinol methylase [2.1.1.201]	0.732330789517842	0.166495080816848	0.00927372425766298	0.0741905152078386	0.0177098901998079
2-OXOBUTYRATE-SYNTHASE-RXN|(expasy) 3-methyl-2-oxobutanoate dehydrogenase (ferredoxin) [1.2.7.7]	0.620357370253293	0.216671369679789	0.159993015266845	0.00297824480007239	0
2-OXOGLUTARATE-SYNTHASE-RXN|(expasy) 2-oxoglutarate synthase [1.2.7.3]	0.87652942903574	0.0385361126271908	0.0209154938879985	0.0129682679330282	0.0510506965160426
2.1.1.130-RXN|(expasy) Precorrin-2 C(20)-methyltransferase [2.1.1.130]	0.89603222601744	0.000252900426998419	0.0703714624870058	0.0333434110685562	0
2.1.1.131-RXN|(expasy) Precorrin-3B C(17)-methyltransferase [2.1.1.131]	0.782660977988412	0.00755160068056377	0.00457006760757307	0.0749437639216528	0.130273589801798
2.1.1.132-RXN|(expasy) Precorrin-6B C(5,15)-methyltransferase (decarboxylating) [2.1.1.132]	0.875903929794002	0.101268079485031	0.000294213936775808	0.0225337767841911	0
2.1.1.133-RXN|(expasy) Precorrin-4 C(11)-methyltransferase [2.1.1.133]	0.865395885602907	0.101844927514311	0.0157929399110577	0.0169662469717241	0
2.1.1.34-RXN|(expasy) tRNA (guanosine(18)-2-O)-methyltransferase [2.1.1.34]	0.896514866977918	0.0480086104299277	0.0295878474335624	0.0258886751585921	0
2.1.1.63-RXN|(expasy) Methylated-DNA--[protein]-cysteine S-methyltransferase [2.1.1.63]	0.898650893267522	0.0818731213061816	0.00062111013051201	0.0116208039184766	0.00723407137730739
2.1.1.64-RXN|(expasy) 3-demethylubiquinol 3-O-methyltransferase [2.1.1.64]	0.745679050571403	0.0686855654609323	0.0606083860788308	0.107605263026026	0.0174217348628078
2.1.1.72-RXN|(expasy) Site-specific DNA-methyltransferase (adenine-specific) [2.1.1.72]	0.822202334718449	0.0879696050880926	0.0105531581703163	0.0792749020231417	0
2.1.1.74-RXN|(expasy) (NAD(P)H-oxidizing) [2.1.1.74]	0.816332885774148	0.071867785934734	0.0426664188180798	0.0506276137484373	0.0185052957246008
2.1.1.77-RXN|(expasy) Protein-L-isoaspartate(D-aspartate) O-methyltransferase [2.1.1.77]	0.839583185426136	0.121467763822045	0.0389449382117607	4.11254005826576e-06	0
2.1.1.79-RXN|(expasy) Cyclopropane-fatty-acyl-phospholipid synthase [2.1.1.79]	0.891842141310573	3.94331782047269e-05	0.0857948189004555	0.0223236066107671	0
2.1.3.1-RXN|(expasy) Methylmalonyl-CoA carboxytransferase [2.1.3.1]	0.917968678948107	0.0470191526990817	0.0294109741916396	0.00560119416117183	0
2.1.3.9-RXN|(expasy) N-acetylornithine carbamoyltransferase [2.1.3.9]	0.860555868063861	0.133901097351559	0.00422585527948561	0.00131717930509444	0
2.3.1.128-RXN|(expasy) [Ribosomal protein S18]-alanine N-acetyltransferase [2.3.1.266]	0.772411788209442	0.0704955713418815	0.0438082750341787	0.113284365414497	0
2.3.1.157-RXN|(expasy) Glucosamine-1-phosphate N-acetyltransferase [2.3.1.157]	0.968891375351963	0.00278737489776577	1.46985043612339e-05	0.0283065512459097	0
2.3.1.179-RXN|(expasy) Beta-ketoacyl-[acyl-carrier-protein] synthase II [2.3.1.179]	0.668241866236593	0.314765672010441	0.00174731162549226	0.015245150127474	0
2.3.1.180-RXN|(expasy) Beta-ketoacyl-[acyl-carrier-protein] synthase III [2.3.1.180]	0.814895692924255	0.171836702155135	0.01256961753792	0.000697987382689968	0
2.3.1.89-RXN|(expasy) Tetrahydrodipicolinate N-acetyltransferase [2.3.1.89]	0.851194897155578	0.0499472238754125	0.0900430091782544	0.00881486979075535	0
2.4.1.129-RXN|(expasy) Peptidoglycan glycosyltransferase [2.4.1.129]	0.958173073044251	0.0410866887031272	5.45558798405887e-05	0.000685682372780729	0
2.4.1.211-RXN|(expasy) 1,3-beta-galactosyl-N-acetylhexosamine phosphorylase [2.4.1.211]	0.768770547921092	0.13131462397939	0.0740608458155651	0.000900823457109309	0.0249531588268435
2.4.1.212-RXN|(expasy) Hyaluronan synthase [2.4.1.212]	0.84553376055186	0.064354595141728	0.00596576732376659	0.00287377348577401	0.0812721034968718
2.4.1.230-RXN|(expasy) Kojibiose phosphorylase [2.4.1.230]	0.958035365854665	0.0237857644984452	0.0152450639825715	0.00293380566431816	0
2.4.1.54-RXN|(expasy) Undecaprenyl-phosphate mannosyltransferase [2.4.1.54]	0.832630313679583	0.00169274949480091	0.160043307909152	0.00563362891646481	0
2.5.1.19-RXN|(expasy) 3-phosphoshikimate 1-carboxyvinyltransferase [2.5.1.19]	0.729532950488758	0.221962355924499	0.00609221449191837	0.0424124790948247	0
2.5.1.64-RXN|(expasy) synthase [2.2.1.9]	0.810867038237617	0.162465942929687	0.0255101328625044	0.0011568859701915	0
2.6.1.33-RXN|(expasy) dTDP-4-amino-4,6-dideoxy-D-glucose transaminase [2.6.1.33]	0.822007254168277	0.0797074720251001	0.000396351429980307	0.0978889223766427	0
2.6.1.37-RXN|(metacyc) phosphonoacetaldehyde transaminase [2.6.1.37]	0.979286243349052	0.0100891210195384	0.000782032816195922	0.00984260281521364	0
2.7.1.148-RXN|(expasy) 4-(cytidine 5-diphospho)-2-C-methyl-D-erythritol kinase [2.7.1.148]	0.764978869646715	0.182827043499895	0.000106892698558358	0.012129168150485	0.0399580260043473
2.7.1.156-RXN|(expasy) Adenosylcobinamide kinase [2.7.1.156]	0.887597983441693	0.00319295513969603	0.0254067634087091	0.0248769602586349	0.0589253377512668
2.7.1.90-RXN|(expasy) Diphosphate--fructose-6-phosphate 1-phosphotransferase [2.7.1.90]	0.780059767555952	0.21285214449432	0.000139066307519526	0.00694902164220929	0
2.7.13.3-RXN|(expasy) Histidine kinase [2.7.13.3]	0.834789685075745	0.120571979225104	0.0410309756797333	0.00360736001941848	0
2.7.3.9-RXN|(expasy) Phosphoenolpyruvate--protein phosphotransferase [2.7.3.9]	0.848562088734292	0.0998138075225203	0.0476576657744264	0.00396643796876129	0
2.7.7.13-RXN|(expasy) Mannose-1-phosphate guanylyltransferase [2.7.7.13]	0.944349295639325	0.0265448267357303	0.00935117802117331	0.0197546996037717	0
2.7.7.33-RXN|(expasy) Glucose-1-phosphate cytidylyltransferase [2.7.7.33]	0.855468062429582	0.0203890963377399	0.0731341046889953	0.001567948924608	0.0494407876190751
2.7.7.39-RXN|(expasy) Glycerol-3-phosphate cytidylyltransferase [2.7.7.39]	0.698121302114781	0.227188747800988	0.00741042624428532	0.0672795238399461	0
2.7.7.40-RXN|(expasy) D-ribitol-5-phosphate cytidylyltransferase [2.7.7.40]	0.934901210831118	0.0241501263537959	0.010827637788522	0.0301210250265638	0
2.7.7.60-RXN|(expasy) 2-C-methyl-D-erythritol 4-phosphate cytidylyltransferase [2.7.7.60]	0.553674936942095	0.269612518765531	0.000110043648680871	0.176602500643693	0
2.7.7.8-RXN|(expasy) Polyribonucleotide nucleotidyltransferase [2.7.7.8]	0.630197552357362	0.326036073199391	0.000320231146945819	0.0434461432963014	0
2.7.8.25-RXN|(expasy) Triphosphoribosyl-dephospho-CoA synthase [2.4.2.52]	0.55916060719004	0.207384318725864	0.0359254857916195	0.00853669753145822	0.188992890761018
2.7.8.6-RXN|(expasy) Undecaprenyl-phosphate galactose phosphotransferase [2.7.8.6]	0.893608128515479	0.0168908223305771	0.00472248266318619	0.084778566490758	0
2.7.9.3-RXN|(expasy) Selenide, water dikinase [2.7.9.3]	0.756170649579678	0.0412964016464741	0.136988599505713	0.0655443492681349	0
2.8.1.6-RXN|(expasy) Biotin synthase [2.8.1.6]	0.716357885374302	0.271440408133488	0.0121611655327019	4.05409595077642e-05	0
2.8.3.10-RXN|(expasy) Citrate CoA-transferase [2.8.3.10]	0.752215922942686	0.147204036304569	0.0924594051285104	0.00812063562423458	0
2.9.1.1-RXN|(expasy) L-seryl-tRNA(Sec) selenium transferase [2.9.1.1]	0.72406170814357	0.00418724487397907	0.000101361697076725	0.0970046794309362	0.174645005854438
2PGADEHYDRAT-RXN|(expasy) Phosphopyruvate hydratase [4.2.1.11]	0.681419360809667	0.291604859893735	0.0188012445366592	0.00817453475993794	0
2TRANSKETO-RXN|(expasy) Transketolase [2.2.1.1]	0.98448541856067	2.52431693657445e-06	0.00172943798791258	0.0137826191344808	0
3-CH3-2-OXOBUTANOATE-OH-CH3-XFER-RXN|(expasy) 3-methyl-2-oxobutanoate hydroxymethyltransferase [2.1.2.11]	0.70787518894499	0.259681433830483	0.0173941645453472	0.0150492126791797	0
3-DEHYDRO-L-GULONATE-2-DEHYDROGENASE-RXN|(expasy) 3-dehydro-L-gulonate 2-dehydrogenase [1.1.1.130]	0.863572605850267	0.0712021244880451	0.0628044542736952	0.00242081538799299	0
3-DEHYDROQUINATE-DEHYDRATASE-RXN|(expasy) 3-dehydroquinate dehydratase [4.2.1.10]	0.752943103738235	0.218145641720258	0.0055912193661215	0.0233200351753859	0
3-DEHYDROQUINATE-SYNTHASE-RXN|(expasy) 3-dehydroquinate synthase [4.2.3.4]	0.951501561887266	0.0255986530303339	0.0139164078197962	0.0089833772626044	0
3-HYDROXBUTYRYL-COA-DEHYDRATASE-RXN|(expasy) 3-hydroxybutyryl-CoA dehydratase [4.2.1.55]	0.905473326067698	0.0877085215766906	0.00668468903132409	0.000133463324287511	0
3-HYDROXYBUTYRYL-COA-DEHYDROGENASE-RXN|(expasy) 3-hydroxybutyryl-CoA dehydrogenase [1.1.1.157]	0.809725573730115	0.0725321005402168	0.117117132679218	0.00062519305045097	0
3-HYDROXYDECANOYL-ACP-DEHYDR-RXN|(expasy) 3-hydroxyacyl-[acyl-carrier-protein] dehydratase [4.2.1.59]	0.596952680088438	0.337544129457512	0.0185663289544728	0.0469368614995773	0
3-OXOACYL-ACP-REDUCT-RXN|(expasy) 3-oxoacyl-[acyl-carrier-protein] reductase [1.1.1.100]	0.977630889876064	0.0134692999396968	0.00886606420777816	3.37459764614182e-05	0
3-OXOACYL-ACP-SYNTH-BASE-RXN|(expasy) AMBIGUOUS [2.3.1.179; 2.3.1.41]	0.668241866236593	0.314765672010441	0.00174731162549226	0.015245150127474	0
3.1.1.47-RXN|(expasy) 1-alkyl-2-acetylglycerophosphocholine esterase [3.1.1.47]	0.972332197279483	0.0101289904164307	0.00630716301565132	0.0112316492884355	0
3.1.1.64-RXN|(metacyc) all-trans-retinyl-palmitate hydrolase [3.1.1.1]	0.846554420719331	1.41233005336762e-05	0.071659336326938	0.0817721196531976	0
3.1.11.2-RXN|(expasy) Exodeoxyribonuclease III [3.1.11.2]	0.915822599473696	0.07167900519128	0.000513174753107263	0.0119852205819169	0
3.1.11.6-RXN|(expasy) Exodeoxyribonuclease VII [3.1.11.6]	0.779187199439931	0.176383182705052	0.00193448215590173	0.0424951356991154	0
3.1.13.1-RXN|(expasy) Exoribonuclease II [3.1.13.1]	0.827998628173455	0.125961336721594	0.0158643367032997	0.0301756984016509	0
3.1.13.5-RXN|(expasy) Ribonuclease D [3.1.13.5]	0.772024409790511	0.00650558733819523	0.179087276149686	0.0423827267216079	0
3.1.21.2-RXN|(expasy) Deoxyribonuclease IV [3.1.21.2]	0.97548304760429	0.00137687375265268	0.0150548339137488	0.00808524472930844	0
3.1.21.3-RXN|(expasy) Type I site-specific deoxyribonuclease [3.1.21.3]	0.793460595322694	0.159415488400682	0.0279116145682999	0.0192123017083243	0
3.1.21.4-RXN|(expasy) Type II site-specific deoxyribonuclease [3.1.21.4]	0.808143337253144	0.0871549149436142	0.01018791866689	0.00670434899824448	0.087809480138107
3.1.21.5-RXN|(expasy) Type III site-specific deoxyribonuclease [3.1.21.5]	0.98925011888617	0.00704518979517852	0.00176780723939649	0.00193688407925543	0
3.1.21.7-RXN|(expasy) Deoxyribonuclease V [3.1.21.7]	0.984003744653525	0.00712654309152618	0.000457788257878338	0.00841192399707032	0
3.1.26.11-RXN|(expasy) Ribonuclease Z [3.1.26.11]	0.956512057956941	0.0328961780383893	0.00373394783359515	0.00685781617107449	0
3.1.26.12-RXN|(expasy) Ribonuclease E [3.1.26.12]	0.712360535267706	0.284483419315865	0.00196512319581065	0.00119092222061864	0
3.1.26.3-RXN|(expasy) Ribonuclease III [3.1.26.3]	0.9056990719161	0.0521477356401009	0.0301613409053434	0.0119918515384558	0
3.1.26.4-RXN|(expasy) Ribonuclease H [3.1.26.4]	0.949430714335252	0.0269943676536706	0.00235622427797028	0.0212186937331073	0
3.1.26.5-RXN|(expasy) Ribonuclease P [3.1.26.5]	0.95457545128014	0.0440972152912438	0.000393554762429448	0.000933778666186192	0
3.1.26.8-RXN|(expasy) Ribonuclease M5 [3.1.26.8]	0.829479288813505	0.0339425397851797	0.063768606682858	0.072809564718457	0
3.1.3.16-RXN|(expasy) Protein-serine/threonine phosphatase [3.1.3.16]	0.910399873937314	0.0302854805594841	0.00250503361985664	0.0552214550253327	0.00158815685801244
3.1.4.1-RXN|(expasy) Phosphodiesterase I [3.1.4.1]	0.895611337367647	0.0251505278823814	0.0554007631764674	0.023837371573504	0
3.11.1.3-RXN|(expasy) Phosphonopyruvate hydrolase [3.11.1.3]	0.87677286860572	0.0750707082846492	0.0396207837932997	0.00853563931633126	0
3.2.1.1-RXN|(expasy) Alpha-amylase [3.2.1.1]	0.955134574141512	9.49387760871114e-06	0.0394232650125629	0.00543266696831637	0
3.2.1.10-RXN|(expasy) Oligo-1,6-glucosidase [3.2.1.10]	0.963861521907393	0.00788102566953914	0.00304785309183022	0.0252095993312375	0
3.2.1.131-RXN|(expasy) Xylan alpha-1,2-glucuronosidase [3.2.1.131]	0.901635113308736	0.091380375221441	0.000116192214848012	0.00686831925497492	0
3.2.1.135-RXN|(expasy) Neopullulanase [3.2.1.135]	0.867495913862835	0.00226163708947301	0.127362441656365	0.00288000739132708	0
3.2.1.14-RXN|(expasy) Chitinase [3.2.1.14]	0.910745954863269	0.0234117153749729	0.0286774082232243	0.00569385068932723	0.0314710708492062
3.2.1.141-RXN|(expasy) 4-alpha-D-((1->4)-alpha-D-glucano)trehalose trehalohydrolase [3.2.1.141]	0.84728054006902	0.0195132432112513	0.120584741195713	0.0126214755240158	0
3.2.1.156-RXN|(expasy) Oligosaccharide reducing-end xylanase [3.2.1.156]	0.906527686864925	0.0530800894664611	0.0290634291400788	0.0113287945285351	0
3.2.1.165-RXN|(expasy) Exo-1,4-beta-D-glucosaminidase [3.2.1.165]	0.922759948006423	0.0235392571408017	0.0518999811689572	0.00180081368381848	0
3.2.1.17-RXN|(expasy) Lysozyme [3.2.1.17]	0.92330969730176	0.0431863043075013	0.0266485325025015	0.00685546588823666	0
3.2.1.18-RXN|(expasy) Exo-alpha-sialidase [3.2.1.18]	0.983870818358695	0.0112042431574227	0.00442797852753327	0.000496959956349071	0
3.2.1.21-RXN|(expasy) Beta-glucosidase [3.2.1.21]	0.892671570511006	0.0938418889535745	0.00927566715750028	0.0042108733779197	0
3.2.1.23-RXN|(expasy) Beta-galactosidase [3.2.1.23]	0.966463119691558	0.00505843562733602	0.0251697591658013	0.00330868551530454	0
3.2.1.25-RXN|(expasy) Beta-mannosidase [3.2.1.25]	0.871117881765397	0.0789134227046311	0.012927569837344	0.0370411256926275	0
3.2.1.3-RXN|(expasy) Glucan 1,4-alpha-glucosidase [3.2.1.3]	0.845806007286185	0.0195588497160916	0.0167869352164175	0.0740536249472825	0.0437945828340235
3.2.1.37-RXN|(expasy) Xylan 1,4-beta-xylosidase [3.2.1.37]	0.906721407208047	0.0297960641141803	0.0128801223468582	0.0506024063309147	0
3.2.1.40-RXN|(expasy) Alpha-L-rhamnosidase [3.2.1.40]	0.908590809200766	0.0493925163365568	0.0230029833776153	0.0190136910850618	0
3.2.1.49-RXN|(expasy) Alpha-N-acetylgalactosaminidase [3.2.1.49]	0.932725239285228	0.064588559488139	9.23753212885579e-06	0.00267696369450435	0
3.2.1.50-RXN|(expasy) Alpha-N-acetylglucosaminidase [3.2.1.50]	0.949177875294426	9.5635595316037e-05	0.000507231740042564	0.050219257370215	0
3.2.1.52-RXN|(expasy) Beta-N-acetylhexosaminidase [3.2.1.52]	0.824784806831469	0.172494572017526	0.00265564907976506	6.4972071240248e-05	0
3.2.1.55-RXN|(expasy) Non-reducing end alpha-L-arabinofuranosidase [3.2.1.55]	0.963971632681086	0.0123246019931595	0.0197050160396006	0.00399874928615438	0
3.2.1.70-RXN|(expasy) Glucan 1,6-alpha-glucosidase [3.2.1.70]	0.8612893734987	0.00603777890403131	0.0572920071909851	0.075380840406283	0
3.2.1.73-RXN|(expasy) Licheninase [3.2.1.73]	0.89232525549402	0.000113667989818236	0.00186279256721753	0.00313674098426058	0.102561542964684
3.2.1.78-RXN|(expasy) Mannan endo-1,4-beta-mannosidase [3.2.1.78]	0.962284896005406	0.00299932771832842	0.00112873383972522	0.0335870424365408	0
3.2.1.8-RXN|(expasy) Endo-1,4-beta-xylanase [3.2.1.8]	0.884820634146115	0.0146205750262835	0.0450362930911275	0.0289071319918436	0.0266153657446303
3.2.1.80-RXN|(expasy) AMBIGUOUS [3.2.1.153; 3.2.1.80]	0.872376266710612	0.104138081351987	0.0180185140675266	0.00546713786987445	0
3.2.1.82-RXN|(expasy) Exo-poly-alpha-digalacturonosidase [3.2.1.82]	0.74844999511981	0.213153167530637	0.0219744173533582	0.0164224199961946	0
3.2.1.83-RXN|(expasy) Kappa-carrageenase [3.2.1.83]	0.888554434084557	0.0373990058854629	0.0702911266874866	0.00375543334249326	0
3.2.1.89-RXN|(expasy) Arabinogalactan endo-beta-1,4-galactanase [3.2.1.89]	0.805932666836975	0.150772109218137	0.0031929930118492	0.040102230933038	0
3.2.1.99-RXN|(expasy) Arabinan endo-1,5-alpha-L-arabinosidase [3.2.1.99]	0.965506246297165	0.000261890206783404	0.0174928914327043	0.0167389720633475	0
3.2.2.15-RXN|(expasy) DNA-deoxyinosine glycosylase [3.2.2.15]	0.877388830580143	0.0756089671174775	5.15037488613866e-05	0.046950698553518	0
3.2.2.23-RXN|(expasy) DNA-formamidopyrimidine glycosylase [3.2.2.23]	0.727392946582958	0.215391302166528	0.021094771187596	0.0361209800629179	0
3.2.2.24-RXN|(expasy) ADP-ribosyl-[dinitrogen reductase] hydrolase [3.2.2.24]	0.962890219780599	0.00118279391854979	0.0167279408649761	0.0191990454358755	0
3.4.11.1-RXN|(expasy) AMBIGUOUS [3.4.11.1; 3.4.11.9]	0.897671814130748	0.0083774526688055	0.0139249174120868	0.0218059104092757	0.0582199053790843
3.4.11.10-RXN|(expasy) Bacterial leucyl aminopeptidase [3.4.11.10]	0.897671814130748	0.0083774526688055	0.0139249174120868	0.0218059104092757	0.0582199053790843
3.4.11.18-RXN|(expasy) Methionyl aminopeptidase [3.4.11.18]	0.951903342692978	0.0457969523478564	0.000549039784253555	0.00175066517491209	0
3.4.11.2-RXN|(expasy) AMBIGUOUS [3.4.11.14; 3.4.11.2]	0.942900903833286	0.0492386773607809	0.00305305394086373	0.00480736486506987	0
3.4.11.4-RXN|(expasy) Tripeptide aminopeptidase [3.4.11.4]	0.771609932379078	0.174710309929285	0.052880852565915	0.000798905125722158	0
3.4.11.5-RXN|(expasy) Prolyl aminopeptidase [3.4.11.5]	0.844996599549975	0.0441716696270843	0.0112450478249579	0.00847758693996319	0.0911090960580191
3.4.11.6-RXN|(expasy) Aminopeptidase B [3.4.11.6]	0.833580297099921	0.0430976529464018	0.0813367869440536	0.0419852630096231	0
3.4.11.9-RXN|(expasy) Xaa-Pro aminopeptidase [3.4.11.9]	0.941873920122383	0.0323291708812137	0.0158875978949098	0.00990931110149385	0
3.4.13.18-RXN|(expasy) Cytosol nonspecific dipeptidase [3.4.13.18]	0.95006695178632	0.0275347750733266	0.00221570740563344	0.0201825657347198	0
3.4.13.20-RXN|(expasy) Beta-Ala-His dipeptidase [3.4.13.20]	0.865720905519824	0.0758080570090938	0.00298910835755078	0.0554819291135311	0
3.4.13.21-RXN|(expasy) Dipeptidase E [3.4.13.21]	0.920068483270164	0.0633533297232386	0.0120737796999822	0.00450440730661507	0
3.4.13.22-RXN|(expasy) D-Ala-D-Ala dipeptidase [3.4.13.22]	0.844259209803329	0.106433358282957	0.0325627242728537	0.0167447076408605	0
3.4.13.9-RXN|(expasy) Xaa-Pro dipeptidase [3.4.13.9]	0.926304358568331	0.022882555142311	0.00013309529116382	0.0506799909981944	0
3.4.14.11-RXN|(expasy) Xaa-Pro dipeptidyl-peptidase [3.4.14.11]	0.820560696331732	0.0533511006467158	0.0737239697036972	0.0523642333178546	0
3.4.14.12-RXN|(expasy) Xaa-Xaa-Pro tripeptidyl-peptidase [3.4.14.12]	0.918899345775762	0.0703178853167393	0.00805001583959783	0.00273275306790127	0
3.4.14.4-RXN|(expasy) Dipeptidyl-peptidase III [3.4.14.4]	0.843387269500926	0.111840048189527	0.0232800509349058	0.0214926313746418	0
3.4.14.5-RXN|(expasy) Dipeptidyl-peptidase IV [3.4.14.5]	0.884650016352296	0.0333590145929404	0.0214921197235699	0.025319897835526	0.0351789514956675
3.4.15.5-RXN|(expasy) Peptidyl-dipeptidase Dcp [3.4.15.5]	0.993472524124082	0.000941188901631761	0.000958116255476321	0.00462817071880944	0
3.4.16.4-RXN|(expasy) Serine-type D-Ala-D-Ala carboxypeptidase [3.4.16.4]	0.8894895703441	0.0245907033652989	0.0833836187446653	0.00253610754593613	0
3.4.17.13-RXN|(expasy) Muramoyltetrapeptide carboxypeptidase [3.4.17.13]	0.977875546944738	0.00885350430969955	0.00508726427770139	0.00818368446786066	0
3.4.17.19-RXN|(expasy) Carboxypeptidase Taq [3.4.17.19]	0.717565140605078	0.118616651068482	0.121299620067151	0.042518588259289	0
3.4.17.8-RXN|(expasy) AMBIGUOUS [3.4.16.4; 3.4.17.8]	0.8894895703441	0.0245907033652989	0.0833836187446653	0.00253610754593613	0
3.4.19.11-RXN|(expasy) Gamma-D-glutamyl-meso-diaminopimelate peptidase [3.4.19.11]	0.962166817857065	0.0191938561242567	0.00180561220685226	0.0168337138118261	0
3.4.21.102-RXN|(expasy) C-terminal processing peptidase [3.4.21.102]	0.976306229004803	0.0174909694817264	0.00549892755607829	0.0007038739573925	0
3.4.21.105-RXN|(expasy) Rhomboid protease [3.4.21.105]	0.940041622807054	0.0546166960158065	0.00409654672855988	0.00124513444858006	0
3.4.21.107-RXN|(expasy) Peptidase Do [3.4.21.107]	0.805846288041324	0.150041217763872	0.0375542233656165	0.00655827082918769	0
3.4.21.108-RXN|(expasy) HtrA2 peptidase [3.4.21.108]	0.920597648969451	0.008042795080651	0.042801776405355	0.0285577795445434	0
3.4.21.116-RXN|(expasy) SpoIVB peptidase [3.4.21.116]	0.746225810046206	0.0618056359463465	0.01019024463502	0.0234313402957917	0.158346969076636
3.4.21.53-RXN|(expasy) Endopeptidase La [3.4.21.53]	0.899917680787895	0.0578130261724006	0.00315116197088817	0.039118131068816	0
3.4.21.62-RXN|(expasy) Subtilisin [3.4.21.62]	0.861278229766221	0.0763648007145065	0.0619933869724343	0.000363582546838304	0
3.4.21.88-RXN|(expasy) Repressor LexA [3.4.21.88]	0.862371762853297	0.102652899654631	0.020500938122655	0.0144743993694176	0
3.4.21.89-RXN|(expasy) Signal peptidase I [3.4.21.89]	0.992517386302035	0.000951225335357291	0.00417186193717121	0.00235952642543677	0
3.4.21.92-RXN|(expasy) Endopeptidase Clp [3.4.21.92]	0.799324061023057	0.0676075105304796	0.0166243624484637	0.0561233480798425	0.0603207179181574
3.4.22.40-RXN|(expasy) Bleomycin hydrolase [3.4.22.40]	0.84554320853202	0.00087749298667852	0.0420242697784117	0.0312127519008209	0.080342276802069
3.4.23.43-RXN|(expasy) Prepilin peptidase [3.4.23.43]	0.616941428068923	0.0932410820947246	0.240779025702884	0.049038464133468	0
3.4.24.55-RXN|(expasy) Pitrilysin [3.4.24.55]	0.960929268738945	0.0190537242588519	0.000698221311507957	0.0193187856906953	0
3.4.24.64-RXN|(expasy) Mitochondrial processing peptidase [3.4.24.64]	0.880860731635563	0.00583074375228313	0.0950876537405814	0.0182208708715723	0
3.4.24.70-RXN|(expasy) Oligopeptidase A [3.4.24.70]	0.920713757708018	0.0674988425903741	0.00117057772486109	0.010616821976747	0
3.4.24.71-RXN|(expasy) Endothelin-converting enzyme 1 [3.4.24.71]	0.985703215542844	0.0140083899754103	0.000225346243838089	6.30482379076533e-05	0
3.4.24.75-RXN|(expasy) Lysostaphin [3.4.24.75]	0.875606568919813	0.093871018604321	0.0164302346145232	0.014092177861343	0
3.5.1.27-RXN|(expasy) Peptide deformylase [3.5.1.88]	0.866574196850215	0.1037145099448	0.00771483862133253	0.0219964545836525	0
3.5.1.77-RXN|(expasy) N-carbamoyl-D-amino-acid hydrolase [3.5.1.77]	0.854594231191517	0.0755030732269863	0.0698483339115304	5.43616699663566e-05	0
3.5.1.80-RXN|(expasy) N-acetylglucosamine-6-phosphate deacetylase [3.5.1.25]	0.598707839309711	0.319381899859951	0.0806664390365685	0.000469802500617714	0.000774019293151433
3.5.1.88-RXN|(expasy) Peptide deformylase [3.5.1.88]	0.866574196850215	0.1037145099448	0.00771483862133253	0.0219964545836525	0
3.5.1.91-RXN|(expasy) N-substituted formamide deformylase [3.5.1.91]	0.473815881743762	0.0340402468470064	0.0735774402511775	0.323047465231162	0.0955189659268925
3.5.4.30-RXN|(expasy) dCTP deaminase (dUMP-forming) [3.5.4.30]	0.978786147289068	0.0196031916257811	0.000145410773107832	0.00146525031204334	0
3.6.1.41-RXN|(expasy) Bis(5-nucleosyl)-tetraphosphatase (symmetrical) [3.6.1.41]	0.917180764183234	0.0109008674810549	0.000788503116900971	0.0711298652188098	0
3.6.3.28-RXN|(expasy) ABC-type phosphonate transporter [7.3.2.2]	0.955770437700281	0.00652418218269575	0.0376180103874452	8.73697295779623e-05	0
325-BISPHOSPHATE-NUCLEOTIDASE-RXN|(expasy) 3(2),5-bisphosphate nucleotidase [3.1.3.7]	0.96026611325463	0.0305680310586371	0.00433975049070503	0.0048261051960276	0
3OHSTEROXRED-RXN|(expasy) 3-alpha-hydroxybile acid CoA 3-dehydrogenase [1.1.1.395]	0.975602061075003	0.0229212247196821	0.00147635048885666	3.63716458407559e-07	0
3PGAREARR-RXN|(expasy) Phosphoglycerate mutase (2,3-diphosphoglycerate-independent) [5.4.2.12]	0.607745366712159	0.346576083779935	3.63605945819487e-05	0.0456421889133242	0
4-CARBOXYMUCONOLACTONE-DECARBOXYLASE-RXN|(expasy) 4-carboxymuconolactone decarboxylase [4.1.1.44]	0.96137835958931	0.000294356652076498	0.00729153625388905	0.0310357475047249	0
4-PYRIDOXOLACTONASE-RXN|(expasy) 4-pyridoxolactonase [3.1.1.27]	0.944248396440289	0.00516655795444376	0.0154549085140855	0.0349566917176138	0.000173445373568311
4.1.1.32-RXN|(expasy) Phosphoenolpyruvate carboxykinase (GTP) [4.1.1.32]	0.739836487685513	0.0404144036834064	0.00554496325673193	0.0117466256743669	0.202457519699982
4.1.1.82-RXN|(expasy) Phosphonopyruvate decarboxylase [4.1.1.82]	0.98901871660103	6.14476006690493e-05	0.0109060498427505	1.37859555503575e-05	0
4.1.1.83-RXN|(expasy) 4-hydroxyphenylacetate decarboxylase [4.1.1.83]	0.72410539223196	0.116683533230918	0.141531602059642	0.01767947247748	0
4.1.2.29-RXN|(expasy) 5-dehydro-2-deoxyphosphogluconate aldolase [4.1.2.29]	0.817588294968058	0.020571132938248	0.00325864089454135	0.00166137168357614	0.156920559515576
4.1.2.42-RXN|(expasy) D-threonine aldolase [4.1.2.42]	0.760090932942213	0.17898688927099	0.0537978409234889	0.00712433686330837	0
4.2.1.58-RXN|(metacyc) (3R)-3-hydroxybutanoyl-[acyl-carrier-protein] hydratase [4.2.1.59]	0.596952680088438	0.337544129457512	0.0185663289544728	0.0469368614995773	0
4.2.1.59-RXN|(expasy) 3-hydroxyacyl-[acyl-carrier-protein] dehydratase [4.2.1.59]	0.596952680088438	0.337544129457512	0.0185663289544728	0.0469368614995773	0
4.2.1.61-RXN|(expasy) 3-hydroxyacyl-[acyl-carrier-protein] dehydratase [4.2.1.59]	0.596952680088438	0.337544129457512	0.0185663289544728	0.0469368614995773	0
4.2.1.99-RXN|(expasy) 2-methylisocitrate dehydratase [4.2.1.99]	0.869538170831029	0.0144962534736645	0.00042769769291537	0.0868952590409619	0.0286426189614296
4.2.2.2-RXN|(expasy) Pectate lyase [4.2.2.2]	0.931223269276747	0.00105631710926486	0.0538726104554056	0.0138478031585822	0
4.2.2.7-RXN|(expasy) Heparin lyase [4.2.2.7]	0.747433756502862	0.219971737495424	0.0197888417899629	0.0128056642117509	0
4.2.99.18-RXN|(expasy) DNA-(apurinic or apyrimidinic site) lyase [4.2.99.18]	0.966500706098031	0.0187265534721803	0.00374944793750418	0.0110232924922847	0
4.3.1.15-RXN|(expasy) Diaminopropionate ammonia-lyase [4.3.1.15]	0.712746668787423	0.0833757091464462	0.127624777826301	0.0762528442398301	0
4.3.1.17-RXN|(expasy) L-serine ammonia-lyase [4.3.1.17]	0.994816031960452	5.19166625978144e-06	0.00362126799051734	0.00155750838277132	0
4.3.1.4-RXN|(expasy) Formimidoyltetrahydrofolate cyclodeaminase [4.3.1.4]	0.892106339237829	0.024309367235781	0.0750217625637927	0.00856253096259699	0
4.99.1.3-RXN|(expasy) Sirohydrochlorin cobaltochelatase [4.99.1.3]	0.91510707081751	0.00362468593779823	0.0559418553530876	0.0253263878916038	0
4OH2OXOGLUTARALDOL-RXN|(expasy) 4-hydroxy-2-oxoglutarate aldolase [4.1.3.16]	0.772783505122058	0.1916420329893	0.0339135588426002	0.00166090304604206	0
5-DEHYDRO-2-DEOXYGLUCONOKINASE-RXN|(expasy) 5-dehydro-2-deoxygluconokinase [2.7.1.92]	0.784355888476015	0.0470582912603517	0.168579930879405	5.88938422795619e-06	0
5-FORMYL-THF-CYCLO-LIGASE-RXN|(expasy) 5-formyltetrahydrofolate cyclo-ligase [6.3.3.2]	0.764736870340582	0.214730463115587	0.0197755881924064	0.000757078351424519	0
5-METHYLTHIORIBOSE-KINASE-RXN|(expasy) S-methyl-5-thioribose kinase [2.7.1.100]	0.884011625690131	0.0588471462997959	0.0435717516686696	0.0135694763414035	0
5-NUCLEOTID-RXN|(expasy) 5-nucleotidase [3.1.3.5]	0.845921848095551	0.120258119894369	0.0291462362465659	0.0046737957635146	0
5-OXOPROLINASE-ATP-HYDROLYSING-RXN|(expasy) 5-oxoprolinase (ATP-hydrolyzing) [3.5.2.9]	0.831973236752381	0.0503926136486798	0.100912815375773	0.0167213342231668	0
5.1.3.20-RXN|(expasy) ADP-glyceromanno-heptose 6-epimerase [5.1.3.20]	0.874707288761366	2.20941682149605e-05	0.0941501507144894	0.0311204663559295	0
5.1.3.21-RXN|(expasy) Maltose epimerase [5.1.3.21]	0.77264180186943	0.174953686222838	0.0100570081200361	0.042347503787696	0
5.1.3.9-RXN|(expasy) N-acylglucosamine-6-phosphate 2-epimerase [5.1.3.9]	0.974524380784411	0.00591290860097321	6.34761298132585e-05	0.0194992344848022	0
5.3.1.17-RXN|(expasy) 5-dehydro-4-deoxy-D-glucuronate isomerase [5.3.1.17]	0.875570070081564	0.024195993603503	0.000193286656250427	0.100040649658682	0
5.3.1.23-RXN|(expasy) S-methyl-5-thioribose-1-phosphate isomerase [5.3.1.23]	0.762603205157773	0.107486417019271	0.12974580233862	0.000164575484335856	0
5.3.3.10-RXN|(expasy) 5-carboxymethyl-2-hydroxymuconate Delta-isomerase [5.3.3.10]	0.974098538949724	0.00216749524764833	0.0210847326094796	0.00264923319314822	0
5.4.1.2-RXN|(expasy) Precorrin-8X methylmutase [5.4.99.61]	0.951285662689018	0.00586714034070262	0.0346603497720847	0.000362164194184449	0.00782468300400989
5.4.2.10-RXN|(expasy) Phosphoglucosamine mutase [5.4.2.10]	0.882472474370166	0.0682255798031905	0.0458932851061353	0.00340866072050863	0
6-CARBOXYHEXANOATE--COA-LIGASE-RXN|(expasy) 6-carboxyhexanoate--CoA ligase [6.2.1.14]	0.885348739257217	0.00874258474478846	0.104024935110898	0.00188374088709644	0
6-PHOSPHO-BETA-GALACTOSIDASE-RXN|(expasy) 6-phospho-beta-galactosidase [3.2.1.85]	0.906655096859872	0.0244081604932351	0.0304654543972135	0.0384712882496795	0
6-PHOSPHO-BETA-GLUCOSIDASE-RXN|(expasy) 6-phospho-beta-glucosidase [3.2.1.86]	0.801275856506724	0.00317790398279173	0.131638739021909	0.0639075004885754	0
6.1.1.23-RXN|(expasy) Aspartate--tRNA(Asn) ligase [6.1.1.23]	0.872687651705667	0.102543223243114	0.0242962268037703	0.000472898247448939	0
6.3.2.10-RXN|(expasy) UDP-N-acetylmuramoyl-tripeptide--D-alanyl-D-alanine ligase [6.3.2.10]	0.919135614632856	0.0358854644299671	0.0428972874285892	0.00208163350858751	0
6.3.5.7-RXN|(expasy) Glutaminyl-tRNA synthase (glutamine-hydrolyzing) [6.3.5.7]	0.951434723774678	0.0417545655566329	0.00630714480813919	0.000503565860549943	0
6PFRUCTPHOS-RXN|(expasy) 6-phosphofructokinase [2.7.1.11]	0.774284090931039	0.163293855024398	0.0110868957123354	0.0513351583322279	0
6PGLUCONOLACT-RXN|(expasy) 6-phosphogluconolactonase [3.1.1.31]	0.764851431555764	0.0807749265102629	0.0385788152236771	0.00898294087343928	0.106811885836857
7KAPSYN-RXN|(expasy) 8-amino-7-oxononanoate synthase [2.3.1.47]	0.671952010159372	0.00577854724554821	0.0290045427534563	0.0117600543142045	0.281504845527419
ABC-23-RXN|(expasy) ABC-type phosphonate transporter [7.3.2.2]	0.955770437700281	0.00652418218269575	0.0376180103874452	8.73697295779623e-05	0
ABC-27-RXN|(expasy) ABC-type phosphate transporter [7.3.2.1]	0.799516338011235	0.136676755269214	0.0505203370499149	0.0132865696696361	0
ACECOATRANS-RXN|(expasy) Acetate CoA-transferase [2.8.3.8]	0.783999312539023	0.00627674022801459	0.0031767731200562	0.147394126388962	0.0591530477239442
ACETALD-DEHYDROG-RXN|(expasy) Acetaldehyde dehydrogenase (acetylating) [1.2.1.10]	0.723406961261054	0.0239766031299542	0.24139730290912	0.0112191326998721	0
ACETATEKIN-RXN|(expasy) AMBIGUOUS [2.7.2.1; 2.7.2.15]	0.89886411560305	0.100400298878996	0.000464100558822761	0.000271484959131846	0
ACETOLACTATE-DECARBOXYLASE-RXN|(expasy) Acetolactate decarboxylase [4.1.1.5]	0.757971751765572	0.0105750753261332	0.191821755042425	0.0396314178658693	0
ACETOLACTREDUCTOISOM-RXN|(expasy) Ketol-acid reductoisomerase (NADP(+)) [1.1.1.86]	0.657036268711107	0.286520536331121	0.0126373825391111	0.0438058124186609	0
ACETOLACTSYN-RXN|(expasy) Acetolactate synthase [2.2.1.6]	0.855357683996003	0.0938046877041229	0.0488510322803745	0.0019865960195	0
ACETOOHBUTREDUCTOISOM-RXN|(expasy) Ketol-acid reductoisomerase (NADP(+)) [1.1.1.86]	0.657036268711107	0.286520536331121	0.0126373825391111	0.0438058124186609	0
ACETOOHBUTSYN-RXN|(metacyc) 2-aceto-2-hydroxy-butyrate synthase [2.2.1.6]	0.855357683996003	0.0938046877041229	0.0488510322803745	0.0019865960195	0
ACETYL-COA-ACETYLTRANSFER-RXN|(expasy) AMBIGUOUS [2.3.1.16; 2.3.1.9]	0.79269444720228	0.201864984050683	0.00220210337317939	0.00323846537385776	0
ACETYL-COA-CARBOXYLTRANSFER-RXN|(expasy) Acetyl-CoA carboxylase [6.4.1.2]	0.891263305311557	0.0748859709205349	0.0243098222705233	8.37533888400328e-05	0.00945714810854479
ACETYLGLUTKIN-RXN|(expasy) Acetylglutamate kinase [2.7.2.8]	0.803779803882233	0.0434924838920576	0.111872855318297	0.0408548569074129	0
ACETYLHOMOSER-CYS-RXN|(expasy) O-acetylhomoserine aminocarboxypropyltransferase [2.5.1.49]	0.97509236513852	0.0127053475332988	0.00535765929367294	0.00684462803450827	0
ACETYLORNDEACET-RXN|(expasy) Acetylornithine deacetylase [3.5.1.16]	0.907282576925053	0.026464140114011	0.0130231817457644	0.0418029125041042	0.0114271887110673
ACETYLORNTRANSAM-RXN|(expasy) Acetylornithine transaminase [2.6.1.11]	0.904186123046643	0.056976469818206	0.0376710089919483	0.00116639814320262	0
ACETYLSYNCLTH-RXN|(expasy) CO-methylating acetyl-CoA synthase [2.3.1.169]	0.880033202292171	0.00077200886667394	0.104119840633386	5.12716281019247e-05	0.0150236765796666
ACID-PHOSPHATASE-RXN|(expasy) Acid phosphatase [3.1.3.2]	0.872910740274706	0.0946084046049168	0.0318731312036771	0.000607723916700557	0
ACNEULY-RXN|(expasy) N-acetylneuraminate lyase [4.1.3.3]	0.66701820876363	0.257841362450728	0.0681858354513183	0.00695459333432348	0
ACSERLY-RXN|(expasy) Cysteine synthase [2.5.1.47]	0.83749744554326	0.088590765016532	0.0660172716961278	0.00789451774408065	0
ACYLPHOSPHATASE-RXN|(expasy) Acylphosphatase [3.6.1.7]	0.859303310474145	0.0597243184906507	0.050537026416015	0.0304353446191892	0
ADCLY-RXN|(expasy) Aminodeoxychorismate lyase [4.1.3.38]	0.980759254434788	0.0157480009782633	0.000350235409066889	0.00314250917788226	0
ADENINE-DEAMINASE-RXN|(expasy) Adenine deaminase [3.5.4.2]	0.6599369134579	0.135729407383687	0.164049569108392	0.0402841100500208	0
ADENOSYLHOMOCYSTEINASE-RXN|(expasy) Adenosylhomocysteinase [3.3.1.1]	0.956596265507036	0.001039075434608	0.0160810351591487	0.0262836238992067	0
ADENOSYLHOMOCYSTEINE-NUCLEOSIDASE-RXN|(expasy) Adenosylhomocysteine nucleosidase [3.2.2.9]	0.991184303304012	0.0016897345660591	0.00236480642347905	0.00476115570645029	0
ADENPHOSPHOR-RXN|(expasy) Purine-nucleoside phosphorylase [2.4.2.1]	0.983728605242356	0.00200370509269388	0.00261452047379296	0.0116531691911568	0
