Residuals	weight_grams_scaled	number_of_pups_scaled	lipocalin2_pg_ml_scaled	genotype
GO:0000015|[CC] phosphopyruvate hydratase complex	0.63535947320131	0.340394638868042	0.0145968146608406	0.00964907326980814	0
GO:0000027|[BP] ribosomal large subunit assembly	0.966839983634762	0.00970095098896902	0.0198985859047827	0.00356047947148585	0
GO:0000034|[MF] adenine deaminase activity	0.590043263926731	0.198996368037173	0.0485643416125646	0.162396026423532	0
GO:0000036|[MF] ACP phosphopantetheine attachment site binding involved in fatty acid biosynthetic process	0.970321336928768	0.0250801996954094	0.00369624075488703	0.000902222620935112	0
GO:0000041|[BP] transition metal ion transport	0.900539085019257	0.0987235979362596	0.000357798827953925	0.000379518216529525	0
GO:0000049|[MF] tRNA binding	0.889307076618001	0.0379941955580736	0.0548465069511923	0.017852220872733	0
GO:0000103|[BP] sulfate assimilation	0.800096955084764	0.0528283171616092	0.00757002124245512	0.0221067339669953	0.117397972544177
GO:0000104|[MF] succinate dehydrogenase activity	0.426205025256488	0.0180676705213594	0.250093343827938	0.195650583675706	0.109983376718508
GO:0000105|[BP] histidine biosynthetic process	0.865605861050974	0.0820118254236562	0.0237332523478648	0.0286490611775055	0
GO:0000107|[MF] imidazoleglycerol-phosphate synthase activity	0.856197384263637	0.0891922669324821	0.0193069072893972	0.0353034415144837	0
GO:0000122|[BP] negative regulation of transcription from RNA polymerase II promoter	0.771633413279572	0.168292079329068	0.0446820600467901	0.0153924473445695	0
GO:0000150|[MF] recombinase activity	0.856042791489539	0.0997118866387747	0.00431353612626619	0.0399317857454201	0
GO:0000155|[MF] phosphorelay sensor kinase activity	0.893629092616403	0.0828137362236688	0.00824859042726973	0.0153085807326581	0
GO:0000156|[MF] phosphorelay response regulator activity	0.882701947613998	0.0760510734052864	0.0109269370922668	0.0303200418884483	0
GO:0000160|[BP] phosphorelay signal transduction system	0.899220980504179	0.0766004598893611	0.00567329750469091	0.0185052621017692	0
GO:0000162|[BP] tryptophan biosynthetic process	0.978037024619647	0.0126066957459316	1.17869109121282e-06	0.00935510094333037	0
GO:0000166|[MF] nucleotide binding	0.839734639518613	0.111927414554141	0.021839542359835	0.0264984035674103	0
GO:0000175|[MF] 3-5-exoribonuclease activity	0.924052127581404	0.057552301432739	0.0168648493612715	0.00153072162458567	0
GO:0000179|[MF] rRNA (adenine-N6,N6-)-dimethyltransferase activity	0.864778916255705	0.131316832961224	0.00388972141143207	1.45293716394167e-05	0
GO:0000184|[BP] nuclear-transcribed mRNA catabolic process, nonsense-mediated decay	0.942962579064826	0.0333317101863038	0.0189055033639302	0.00480020738494032	0
GO:0000256|[BP] allantoin catabolic process	0.500267573426778	0.108029095849264	0.0929596081329092	0.298743722591049	0
GO:0000270|[BP] peptidoglycan metabolic process	0.884645461884957	0.0388365069096765	0.0703008444448885	0.00621718676047749	5.05656578123022e-16
GO:0000271|[BP] polysaccharide biosynthetic process	0.875678455883648	0.0705875772327568	0.0190479473827016	0.0346860195008932	0
GO:0000272|[BP] polysaccharide catabolic process	0.916666244457592	0.0778450340191824	0.00137364243622115	0.00411507908700481	0
GO:0000276|[CC] mitochondrial proton-transporting ATP synthase complex, coupling factor F(o)	0.859505328941621	0.106636971445918	0.0287482241962864	0.00510947541617466	0
GO:0000286|[MF] alanine dehydrogenase activity	0.94504666243435	0.0104790970340391	0.0421340480568959	0.00234019247471514	0
GO:0000287|[MF] magnesium ion binding	0.887543673647364	0.0534782413160994	0.0295965599256526	0.0293815251108842	0
GO:0000310|[MF] xanthine phosphoribosyltransferase activity	0.74648211179266	0.22458027169907	6.1876832884884e-05	0.0288757396753852	0
GO:0000453|[BP] enzyme-directed rRNA 2-O-methylation	0.914951012807325	0.0566492406755836	0.00593295870887376	0.022466787808218	0
GO:0000716|[BP] transcription-coupled nucleotide-excision repair, DNA damage recognition	0.907045761318027	0.0370162011649758	0.0459704246183007	0.00996761289869656	0
GO:0000723|[BP] telomere maintenance	0.904642055170152	0.0226242407909212	0.0392511149893803	8.60682142093234e-05	0.0333965208353372
GO:0000724|[BP] double-strand break repair via homologous recombination	0.976717955195516	0.012347956291278	0.0098149219369278	0.00111916657627791	0
GO:0000737|[BP] DNA catabolic process, endonucleolytic	0.969791266779547	0.0102798316930454	0.0125502253792313	0.00737867614817646	0
GO:0000746|[BP] conjugation	0.699324660076382	0.113910639258117	0.0797536422946885	0.107011058370813	0
GO:0000774|[MF] adenyl-nucleotide exchange factor activity	0.854317305595332	0.0395899561990626	0.0711626940754431	0.0320698255425404	0.00286021858762132
GO:0000786|[CC] nucleosome	0.96623673065114	0.0326911141411625	0.000509270161056236	0.00056288504664082	0
GO:0000902|[BP] cell morphogenesis	0.864405796319176	0.094112586176309	0.0181023217768586	0.023379295727656	0
GO:0000906|[MF] 6,7-dimethyl-8-ribityllumazine synthase activity	0.926332805000539	0.00273620509512767	0.0702021212295999	0.000728868674733008	0
GO:0000917|[BP] barrier septum assembly	0.848467761170295	0.113425865296269	0.0114763324016738	0.0266300411317623	0
GO:0000918|[BP] barrier septum site selection	0.901775607647721	0.0925748811580198	0.000397536284295305	0.00525197490996437	2.253058814468e-17
GO:0000921|[BP] septin ring assembly	0.707605569707531	0.183952172858565	0.0408903874816402	0.000350700226240791	0.0672011697260232
GO:0000967|[BP] rRNA 5-end processing	0.971136339667238	0.0253345045527682	0.000528767500912558	0.00300038827908147	0
GO:0000986|[MF] bacterial-type RNA polymerase core promoter proximal region sequence-specific DNA binding	0.803989603976917	0.158962152428757	0.0032633271160368	0.0337849164782891	0
GO:0001123|[BP] transcription initiation from bacterial-type RNA polymerase promoter	0.701008976724086	0.218413210482916	0.0344067906859983	0.0461710221069993	0
GO:0001407|[BP] glycerophosphodiester transport	0.744095775045248	0.173367935821727	0.00653105351109435	0.0760052356219304	0
GO:0001514|[BP] selenocysteine incorporation	0.814349954254299	0.000116485651043041	0.0881116640587038	0.0144433833268002	0.0829785127091542
GO:0001522|[BP] pseudouridine synthesis	0.894470318479513	0.0360582299266179	0.0656335036320025	0.00383794796186656	0
GO:0001530|[MF] lipopolysaccharide binding	0.942114858021536	0.00977700445433286	0.00699463094271713	0.0111511896352646	0.0299623169461495
GO:0001666|[BP] response to hypoxia	0.944850278487982	0.024468216942743	0.00759981203126179	0.0230816925380133	0
GO:0001680|[BP] tRNA 3-terminal CCA addition	0.800196235596487	0.066394598205311	0.0450541715120273	0.0883549946861745	0
GO:0001682|[BP] tRNA 5-leader removal	0.966026197840859	0.00363947543110303	0.0123531985800202	0.0179811281480177	0
GO:0001701|[BP] in utero embryonic development	0.932006044544428	0.0458231722199471	0.0116643842514841	0.0105063989841409	0
GO:0001726|[CC] ruffle	0.990469319691341	0.00950657395928567	1.01216437188573e-06	2.30941850014819e-05	0
GO:0002098|[BP] tRNA wobble uridine modification	0.861942342483761	0.080664976309737	0.0159052617387401	0.0346762266239215	0.00681119284384079
GO:0002100|[BP] tRNA wobble adenosine to inosine editing	0.92398211400237	0.0452115597194284	0.0155280697172201	0.0152782565609815	0
GO:0002161|[MF] aminoacyl-tRNA editing activity	0.897805460425757	0.043495251825886	0.0501324564759992	0.00856683127235824	0
GO:0002181|[BP] cytoplasmic translation	0.927282312884148	0.0543070759932053	0.00557612965557275	0.0128344814670741	0
GO:0002935|[MF] tRNA (adenine-C2-)-methyltransferase activity	0.891229817729237	0.082604664492955	0.00673714656200818	0.0194283712157994	0
GO:0002949|[BP] tRNA threonylcarbamoyladenosine modification	0.878018358848218	0.0858104018255283	0.0340217046248544	0.0021495347013988	0
GO:0003676|[MF] nucleic acid binding	0.92612436244188	0.0456308612452057	0.0135234370485049	0.0147213392644096	0
GO:0003677|[MF] DNA binding	0.895326807042709	0.0818363957518965	0.00440565635094796	0.0184311408544466	0
GO:0003678|[MF] DNA helicase activity	0.835400290317085	0.0131765078763991	0.0735213745698434	0.0133802355226964	0.0645215917139764
GO:0003682|[MF] chromatin binding	0.882229893969204	0.00592826840181939	0.0974559936313083	0.0143858439976683	0
GO:0003684|[MF] damaged DNA binding	0.794918230031558	0.130200675779467	0.0305680458996677	0.0443130482893078	0
GO:0003688|[MF] DNA replication origin binding	0.872150185499787	0.100381602685181	0.0152778167142454	0.0121903951007862	0
GO:0003690|[MF] double-stranded DNA binding	0.858735039990101	0.114190652369902	0.00129292384369924	0.0257813837962971	0
GO:0003697|[MF] single-stranded DNA binding	0.807459825303449	0.155561827647032	0.00458093747213848	0.03239740957738	0
GO:0003700|[MF] transcription factor activity, sequence-specific DNA binding	0.884733716433239	0.0888960964486962	0.00669254123816049	0.0196776458799045	0
GO:0003712|[MF] transcription cofactor activity	0.811697057993127	0.0862550529327469	0.021343583398296	0.0807043056758304	0
GO:0003713|[MF] transcription coactivator activity	0.804299168701106	0.11185992219819	0.0338887453386835	0.0499521637620208	0
GO:0003723|[MF] RNA binding	0.880277391993913	0.0866650633952458	0.0274975533448511	0.00555999126599002	0
GO:0003724|[MF] RNA helicase activity	0.897035902314185	0.0598752092188431	0.0148784643090524	0.0282104241579192	0
GO:0003725|[MF] double-stranded RNA binding	0.889560688135458	0.0320144024847001	0.063143943950805	0.0152809654290367	0
GO:0003727|[MF] single-stranded RNA binding	0.918213458629206	0.0551975392984772	0.0102859580136673	0.0163030440586493	0
GO:0003729|[MF] mRNA binding	0.89902846029658	0.0979259066487642	8.38786705181081e-05	0.00296175438413816	0
GO:0003735|[MF] structural constituent of ribosome	0.964332002726747	0.00741443329335565	0.0206519420380197	0.00760162194187733	0
GO:0003743|[MF] translation initiation factor activity	0.906450730308254	0.0389469547175171	0.0293931231109299	0.0155858074712522	0.00962338439204669
GO:0003746|[MF] translation elongation factor activity	0.849606923933835	0.110864767311093	0.0394157150048035	0.000112593750267955	0
GO:0003747|[MF] translation release factor activity	0.537916393240159	0.290440566189359	0.0768451300000258	0.0947979105704568	0
GO:0003755|[MF] peptidyl-prolyl cis-trans isomerase activity	0.912160780729281	0.0132525323499637	0.0484189714458455	0.0261677154749098	0
GO:0003774|[MF] motor activity	0.827417227829196	0.093673747595319	0.0288326335323736	0.0500763910431113	0
GO:0003796|[MF] lysozyme activity	0.881709562008715	0.0520700022701043	0.0593530246363721	0.00686741108480903	0
GO:0003824|[MF] catalytic activity	0.886704660564447	0.0646380822864218	0.0216895753618699	0.0269676817872615	0
GO:0003830|[MF] beta-1,4-mannosylglycoprotein 4-beta-N-acetylglucosaminyltransferase activity	0.929726367196871	0.0409060070878402	0.0022022702276705	0.0271653554876184	0
GO:0003839|[MF] gamma-glutamylcyclotransferase activity	0.913083714453268	0.0593539216221562	0.000353203242361763	0.0272091606822142	0
GO:0003840|[MF] gamma-glutamyltransferase activity	0.788905198734524	0.0803376235399783	0.0239665717090796	0.106790606016418	0
GO:0003841|[MF] 1-acylglycerol-3-phosphate O-acyltransferase activity	0.893954391351367	0.090087487576138	0.00423386672572413	0.0117242543467703	0
GO:0003842|[MF] 1-pyrroline-5-carboxylate dehydrogenase activity	0.907412923429756	0.00270375953129553	0.0505894491059666	0.000346816971643338	0.0389470509613379
GO:0003844|[MF] 1,4-alpha-glucan branching enzyme activity	0.93371625280468	0.00454089188684804	0.0305216868957072	0.0312211684127645	0
GO:0003847|[MF] 1-alkyl-2-acetylglycerophosphocholine esterase activity	0.972332197279483	0.0101289904164307	0.0112316492884355	0.00630716301565132	0
GO:0003848|[MF] 2-amino-4-hydroxy-6-hydroxymethyldihydropteridine diphosphokinase activity	0.791106380796347	0.127055732434243	0.0576470952438385	0.00129550665729296	0.022895284868279
GO:0003849|[MF] 3-deoxy-7-phosphoheptulonate synthase activity	0.943105269340194	0.0519384065831647	0.00305078794285854	0.0019055361337822	0
GO:0003852|[MF] 2-isopropylmalate synthase activity	0.760607266455557	0.0931148740746105	0.0221455496102847	0.0469998240395901	0.0771324858199577
GO:0003855|[MF] 3-dehydroquinate dehydratase activity	0.936929140262451	0.028693744676199	0.027246142325878	0.0071309727354721	0
GO:0003856|[MF] 3-dehydroquinate synthase activity	0.807928174601167	0.107766854362349	0.00557503391793126	0.0787299371185527	0
GO:0003857|[MF] 3-hydroxyacyl-CoA dehydrogenase activity	0.723086540885872	0.119299031760547	0.0303022417328455	0.127312185620735	0
GO:0003861|[MF] 3-isopropylmalate dehydratase activity	0.844034350448641	0.127875007525828	0.000149861724848693	0.0279407803006821	0
GO:0003862|[MF] 3-isopropylmalate dehydrogenase activity	0.814688868967222	0.135858787069918	0.0179255653766043	0.0315267785862557	0
GO:0003863|[MF] 3-methyl-2-oxobutanoate dehydrogenase (2-methylpropanoyl-transferring) activity	0.966455509504046	0.000138905879634236	0.00260614092634477	0.0307994436899752	0
GO:0003864|[MF] 3-methyl-2-oxobutanoate hydroxymethyltransferase activity	0.788519391091688	0.112300712018292	0.0882800651662332	0.0108998317237874	0
GO:0003865|[MF] 3-oxo-5-alpha-steroid 4-dehydrogenase activity	0.930600398666325	0.0640173326872229	0.00224628371468624	0.00313598493176624	0
GO:0003866|[MF] 3-phosphoshikimate 1-carboxyvinyltransferase activity	0.842254333795023	0.12398538235745	0.0136327978546376	0.0201274859928896	0
GO:0003871|[MF] 5-methyltetrahydropteroyltriglutamate-homocysteine S-methyltransferase activity	0.690930622798751	0.0137898713549539	0.184887651443371	0.0504602378290242	0.0599316165738993
GO:0003872|[MF] 6-phosphofructokinase activity	0.867661657608646	0.0539380814548467	0.0620975073528743	0.0163027535836333	0
GO:0003879|[MF] ATP phosphoribosyltransferase activity	0.814796315597561	0.107888138882025	0.0149165446826896	0.062399000837724	0
GO:0003883|[MF] CTP synthase activity	0.870258525158196	0.0806891417685938	0.0428090892673904	0.00624324380582004	0
GO:0003886|[MF] DNA (cytosine-5-)-methyltransferase activity	0.750716784523649	0.0733674772504511	0.110352239078562	0.0655634991473375	0
GO:0003887|[MF] DNA-directed DNA polymerase activity	0.842167814604146	0.135287540423458	0.00236311120268838	0.0201815337697083	0
GO:0003896|[MF] DNA primase activity	0.844036275983937	0.0982916489387673	0.0191758766538461	0.0384961984234499	0
GO:0003899|[MF] DNA-directed RNA polymerase activity	0.970209798647063	0.00908988197884963	0.0207003186903209	6.83766294445495e-10	0
GO:0003905|[MF] alkylbase DNA N-glycosylase activity	0.744895313372919	0.184373510275106	0.0217229655158837	0.0490082108360911	0
GO:0003906|[MF] DNA-(apurinic or apyrimidinic site) lyase activity	0.924324781034795	0.0431133200377196	0.0303775783444125	0.00218432058307269	0
GO:0003908|[MF] methylated-DNA-[protein]-cysteine S-methyltransferase activity	0.87946322186319	0.110478206339773	0.000444962211511697	0.00961360958552522	0
GO:0003911|[MF] DNA ligase (NAD+) activity	0.808479328505504	0.0587971095536132	0.0861855180158404	0.0465380439250424	0
GO:0003916|[MF] DNA topoisomerase activity	0.880152520973133	0.101496230679841	0.0182961605333615	5.50878136644448e-05	0
GO:0003917|[MF] DNA topoisomerase type I activity	0.796467550603656	0.0957743252085581	0.0259670455659422	0.0817910786218438	1.29318172226588e-16
GO:0003918|[MF] DNA topoisomerase type II (ATP-hydrolyzing) activity	0.862959035799753	0.0627202706958947	0.0385003633586276	0.0358195118435716	8.18302153300489e-07
GO:0003919|[MF] FMN adenylyltransferase activity	0.852247479263557	0.107319585936192	0.00770912478244793	0.032723810017803	0
GO:0003920|[MF] GMP reductase activity	0.95447112844442	0.000459770775664355	0.00331872276100098	0.0417503780189147	0
GO:0003922|[MF] GMP synthase (glutamine-hydrolyzing) activity	0.679097206611151	0.0314624139082241	0.0960807627033471	0.00172889884915206	0.191630717928125
GO:0003924|[MF] GTPase activity	0.882979471357902	0.0336832512572249	0.0797727004119793	0.0035645769728941	0
GO:0003934|[MF] GTP cyclohydrolase I activity	0.855049645809391	0.0893277343404026	0.044593602393557	0.011029017456649	0
GO:0003935|[MF] GTP cyclohydrolase II activity	0.935457661328783	0.0372887624376247	0.0254534891146978	0.00180008711889401	0
GO:0003937|[MF] IMP cyclohydrolase activity	0.854599007239803	0.112500715942227	0.0140906336312231	0.0188096431867469	0
GO:0003938|[MF] IMP dehydrogenase activity	0.848779167038371	0.106894748567656	0.0427136909459923	0.0016123934479806	0
GO:0003941|[MF] L-serine ammonia-lyase activity	0.899880880015371	0.0556281773218582	0.0429129680309297	0.0015779746318411	0
GO:0003942|[MF] N-acetyl-gamma-glutamyl-phosphate reductase activity	0.82835554015523	0.0802162191484686	0.0181606498853092	0.0732675908109916	0
GO:0003949|[MF] 1-(5-phosphoribosyl)-5-[(5-phosphoribosylamino)methylideneamino]imidazole-4-carboxamide isomerase activity	0.846294197655629	0.0979173506523857	0.00286461965421711	0.0529238320377686	0
GO:0003950|[MF] NAD+ ADP-ribosyltransferase activity	0.722029754098066	0.0574218643660677	0.11359987370043	0.106948507835436	0
GO:0003951|[MF] NAD+ kinase activity	0.921281837811033	0.031548363619207	0.00895672428036036	0.0382130742893994	0
GO:0003952|[MF] NAD+ synthase (glutamine-hydrolyzing) activity	0.932046307419346	0.028994103093722	0.0220768130862813	0.0168827764006512	0
GO:0003954|[MF] NADH dehydrogenase activity	0.917989536065096	0.00448046689575841	0.0270298401115325	0.0112498866174821	0.0392502703101313
GO:0003961|[MF] O-acetylhomoserine aminocarboxypropyltransferase activity	0.840625158598805	0.0412780858944909	0.0640310530424312	0.0540657024642731	0
GO:0003962|[MF] cystathionine gamma-synthase activity	0.954426165798607	0.0242328822275031	0.00873543515764794	0.0126055168162423	0
GO:0003964|[MF] RNA-directed DNA polymerase activity	0.926385104141159	0.033850551409264	0.0230752540648189	0.0166890903847578	0
GO:0003968|[MF] RNA-directed RNA polymerase activity	0.906608926719207	0.038970281599005	0.0510928038547093	0.00332798782707884	0
GO:0003977|[MF] UDP-N-acetylglucosamine diphosphorylase activity	0.911137488123014	0.0830114684998573	0.00251028631637721	0.00334075706075138	0
GO:0003978|[MF] UDP-glucose 4-epimerase activity	0.700510020972217	0.168043797184539	0.0786382926389648	0.0528078892042788	0
GO:0003979|[MF] UDP-glucose 6-dehydrogenase activity	0.92346505651485	0.0340656043365729	0.0417089986912178	0.000760340457359445	0
GO:0003983|[MF] UTP:glucose-1-phosphate uridylyltransferase activity	0.682996019250305	0.117767043115431	0.0245247162245533	0.174712221409711	0
GO:0003984|[MF] acetolactate synthase activity	0.843249552570279	0.110151477610574	0.0102461907622941	0.0363527790568535	0
GO:0003989|[MF] acetyl-CoA carboxylase activity	0.899309608792861	0.0284966288612895	3.58753718856042e-05	0.0151714155096906	0.0569864714642731
GO:0003991|[MF] acetylglutamate kinase activity	0.802037197155089	0.103873017864656	0.0340330638673542	0.060056721112901	0
GO:0003992|[MF] N2-acetyl-L-ornithine:2-oxoglutarate 5-aminotransferase activity	0.841235011839828	0.0823119023703104	0.0201481952255224	0.0563048905643392	0
GO:0003993|[MF] acid phosphatase activity	0.747498510738075	0.144956868084215	0.0867205445302032	0.0208240766475063	0
GO:0003994|[MF] aconitate hydratase activity	0.79572735945712	0.0523640053223763	0.0269761962450696	0.0808634867053472	0.0440689522700865
GO:0003995|[MF] acyl-CoA dehydrogenase activity	0.835322253382064	0.098910036140728	0.00537108053548843	0.0603966299417191	0
GO:0003998|[MF] acylphosphatase activity	0.899820752311725	0.0278772463536973	0.0701827553231639	0.00211924601141414	0
GO:0003999|[MF] adenine phosphoribosyltransferase activity	0.914466382119545	0.0678739475492896	4.41296583641161e-05	0.0176155406728013	0
GO:0004003|[MF] ATP-dependent DNA helicase activity	0.934540800721636	0.0219260708246994	0.0353590413972709	0.00817408705639398	0
GO:0004004|[MF] ATP-dependent RNA helicase activity	0.722959599899653	0.0942968921521056	0.111395865322325	0.071347642625917	0
GO:0004008|[MF] copper-exporting ATPase activity	0.901056650322254	0.0228506978628233	0.0400839598940919	0.000333892769173246	0.0356747991516576
GO:0004013|[MF] adenosylhomocysteinase activity	0.936108407641619	0.00686546307437139	0.054317609281886	0.00270852000212388	0
GO:0004014|[MF] adenosylmethionine decarboxylase activity	0.993855664151693	0.00436936798309505	0.00139319106166618	0.000381776803545451	0
GO:0004015|[MF] adenosylmethionine-8-amino-7-oxononanoate transaminase activity	0.790991044224155	0.0281836148896886	0.0305363140627288	0.000640297484907004	0.149648729338521
GO:0004017|[MF] adenylate kinase activity	0.869904773631194	0.0676211350847119	0.036495720434467	0.000801658479864248	0.0251767123697628
GO:0004018|[MF] N6-(1,2-dicarboxyethyl)AMP AMP-lyase (fumarate-forming) activity	0.822693981596187	0.0687996089101569	0.0792597461018944	0.0292466633917618	0
GO:0004019|[MF] adenylosuccinate synthase activity	0.955458646164732	0.00114684738646619	0.0424046243567999	0.000989882092002345	0
GO:0004020|[MF] adenylylsulfate kinase activity	0.797436030820663	0.0468306761600641	0.0002643601503783	0.00308310037980154	0.152385832489093
GO:0004022|[MF] alcohol dehydrogenase (NAD) activity	0.945099894860947	0.016312965785445	0.0334855702812099	0.000278874621151175	0.0048226944512467
GO:0004026|[MF] alcohol O-acetyltransferase activity	0.824933880332169	0.144059656656368	0.0149626178337483	0.0160438451777147	0
GO:0004030|[MF] aldehyde dehydrogenase [NAD(P)+] activity	0.724674022534774	0.104936053687675	0.103764863883411	0.0666250598941402	0
GO:0004032|[MF] alditol:NADP+ 1-oxidoreductase activity	0.82302271508094	0.00539707885028986	0.00570782825587171	0.165872377812899	0
GO:0004034|[MF] aldose 1-epimerase activity	0.975915092253536	0.000103490509747779	0.0236673555015649	0.000314061735151168	0
GO:0004038|[MF] allantoinase activity	0.723826534921008	0.143561432874166	0.066072520401667	0.0665395118031584	0
GO:0004040|[MF] amidase activity	0.896975356363489	0.0670959973105731	0.00671163336654343	0.0292170129593947	0
GO:0004042|[MF] acetyl-CoA:L-glutamate N-acetyltransferase activity	0.799610627546522	0.107057281533298	0.0203882305247579	0.0729438603954226	0
GO:0004044|[MF] amidophosphoribosyltransferase activity	0.93104204945678	0.00854697326996272	0.017674264583301	0.0427367126899565	0
GO:0004045|[MF] aminoacyl-tRNA hydrolase activity	0.963173080957111	0.0169879245228524	0.0165303321092073	0.00179082071859135	0.00151784169223797
GO:0004047|[MF] aminomethyltransferase activity	0.972048077070546	0.0105939709999499	0.0117216149594931	0.00563633697001104	0
GO:0004048|[MF] anthranilate phosphoribosyltransferase activity	0.906701482694734	0.0586404510880438	0.0105543311863124	0.0241037350309099	0
GO:0004049|[MF] anthranilate synthase activity	0.85577314455782	0.00155344508748288	0.0117001021643995	1.44308349315174e-05	0.130958877355366
GO:0004053|[MF] arginase activity	0.731040686681697	0.205632741366917	0.00666779187061997	0.0566587800807662	0
GO:0004055|[MF] argininosuccinate synthase activity	0.74712049870238	0.102816871629166	0.0383465222278472	0.111716107440606	0
GO:0004056|[MF] argininosuccinate lyase activity	0.824418493202669	0.116074095939735	0.0146305364699015	0.044876874387695	0
GO:0004057|[MF] arginyltransferase activity	0.852948518500418	0.0158997585957318	0.130947946942813	0.00020377596103661	0
GO:0004061|[MF] arylformamidase activity	0.688499291957996	0.0637070120700747	0.11165245991621	0.13614123605572	0
GO:0004065|[MF] arylsulfatase activity	0.97036449932812	0.00397402429053037	0.0199679560283902	0.00569352035295992	0
GO:0004066|[MF] asparagine synthase (glutamine-hydrolyzing) activity	0.885555423590729	0.0904263220295115	0.00654214468363829	0.0174761096961213	0
GO:0004067|[MF] asparaginase activity	0.808195153730704	0.11394400126837	0.0684399882964872	0.00942085670443853	0
GO:0004068|[MF] aspartate 1-decarboxylase activity	0.745386752099391	0.0649019547656165	0.0913656294187295	0.0134645926119252	0.0848810711043381
GO:0004069|[MF] L-aspartate:2-oxoglutarate aminotransferase activity	0.977062901279106	0.0139678460510779	1.03002235418453e-05	0.00895895244627416	0
GO:0004070|[MF] aspartate carbamoyltransferase activity	0.727371708602134	0.073019456559885	0.0213320610394782	0.0323897725598911	0.145887001238612
GO:0004071|[MF] aspartate-ammonia ligase activity	0.884278315906075	0.0893162434253259	0.00433633967096809	0.0220691009976315	0
GO:0004072|[MF] aspartate kinase activity	0.914148171468718	0.0754723906173025	0.0103586478971302	2.07900168492134e-05	0
GO:0004073|[MF] aspartate-semialdehyde dehydrogenase activity	0.792126951422738	0.046161635512965	0.0195161811112444	0.107713764176831	0.0344814677762215
GO:0004075|[MF] biotin carboxylase activity	0.763569634699062	0.147047351302357	0.0292260273361449	0.0601569866624362	0
GO:0004076|[MF] biotin synthase activity	0.918293844406692	0.0615047241428934	0.0137186995880158	0.00648273186239868	0
GO:0004077|[MF] biotin-[acetyl-CoA-carboxylase] ligase activity	0.82193639133242	0.0841284498483298	0.053775446329826	0.040159712489424	0
GO:0004084|[MF] branched-chain-amino-acid transaminase activity	0.797198134650967	0.12730708461139	0.0303059832850667	0.0451887974525765	0
GO:0004085|[MF] butyryl-CoA dehydrogenase activity	0.883696524540337	0.0110874637317016	0.0634341165009115	0.0417818952270499	0
GO:0004088|[MF] carbamoyl-phosphate synthase (glutamine-hydrolyzing) activity	0.907667565756747	0.0308961057477927	0.0344987033429489	0.0269376251525118	0
GO:0004089|[MF] carbonate dehydratase activity	0.933259938037823	0.0217732548749468	0.00370569143311935	0.0199850069336271	0.0212761087204837
GO:0004096|[MF] catalase activity	0.742498848023609	0.0492603688878727	0.101685561355401	0.106555221733117	0
GO:0004106|[MF] chorismate mutase activity	0.869961824069327	0.0818465143261066	0.0136861635098415	0.034505498094725	0
GO:0004107|[MF] chorismate synthase activity	0.861656658622525	0.0160573388604989	0.106847015596586	0.0154389869203899	0
GO:0004109|[MF] coproporphyrinogen oxidase activity	0.911409877675103	0.0568984357723897	0.0163901122323725	0.0153015743201349	0
GO:0004113|[MF] 2,3-cyclic-nucleotide 3-phosphodiesterase activity	0.88699418181725	0.0362997989248832	0.0193589249791711	0.0573470942786952	0
GO:0004121|[MF] cystathionine beta-lyase activity	0.739028231735282	0.0464359843262279	0.127462905853545	0.0870728780849455	0
GO:0004124|[MF] cysteine synthase activity	0.833346220544563	0.118957701646118	0.0125799050941026	0.0351161727152171	0
GO:0004125|[MF] L-seryl-tRNASec selenium transferase activity	0.765498454056702	0.000843377832412151	0.104639926901011	3.28742484703354e-05	0.128985366961404
GO:0004126|[MF] cytidine deaminase activity	0.959392021382663	0.0188817371518207	0.010246013464577	0.0114802280009395	0
GO:0004127|[MF] cytidylate kinase activity	0.884187270754752	0.0536049460817831	0.0279263483368342	0.0342814348266306	0
GO:0004129|[MF] cytochrome-c oxidase activity	0.681131990914833	0.159169701478495	0.0730889145280051	0.0866093930786671	0
GO:0004130|[MF] cytochrome-c peroxidase activity	0.855107062939994	0.00101331668588832	0.0380311601670527	0.0209024602992149	0.0849459999078504
GO:0004132|[MF] dCMP deaminase activity	0.806157144699572	0.0319254334561166	0.054663929159195	0.107253492685117	0
GO:0004133|[MF] glycogen debranching enzyme activity	0.749284054791012	0.127400374959853	0.0103386407197206	0.112976929529414	0
GO:0004134|[MF] 4-alpha-glucanotransferase activity	0.963788531431656	0.0277812502495682	0.00631426333395623	0.00211595498481928	0
GO:0004135|[MF] amylo-alpha-1,6-glucosidase activity	0.943399046398273	0.0085867330807433	0.00916695411064229	0.0388472664103419	0
GO:0004136|[MF] deoxyadenosine kinase activity	0.888405334711088	4.22653964271241e-05	0.0125607014698096	0.0989916984226749	0
GO:0004138|[MF] deoxyguanosine kinase activity	0.879396775721228	0.0310637516869116	0.0561341649979249	0.0334053075939356	3.0585612260368e-17
GO:0004139|[MF] deoxyribose-phosphate aldolase activity	0.979966004876286	0.00242425586774793	0.00532620094446305	0.012283538311503	0
GO:0004140|[MF] dephospho-CoA kinase activity	0.879455879828316	0.0914872734256321	0.0222561213834292	0.0068007253626223	0
GO:0004141|[MF] dethiobiotin synthase activity	0.849147122486745	0.100371120892798	0.0266325293092986	0.0238492273111579	0
GO:0004143|[MF] diacylglycerol kinase activity	0.98135047216787	0.0107341461333413	0.00503267335740598	0.00288270834138263	0
GO:0004146|[MF] dihydrofolate reductase activity	0.886107607152253	0.0678804561164008	0.0210846085038338	0.00353367460223906	0.0213936536252737
GO:0004148|[MF] dihydrolipoyl dehydrogenase activity	0.893558656948831	0.00361921814153899	0.0914767739385335	0.0113453509710961	0
GO:0004150|[MF] dihydroneopterin aldolase activity	0.969716099267647	0.0043319109856998	0.0257441728352049	0.000207816911448728	0
GO:0004151|[MF] dihydroorotase activity	0.934284771160835	0.0442187675699676	0.00473868440435992	0.0167577768648372	0
GO:0004152|[MF] dihydroorotate dehydrogenase activity	0.849464559980894	0.0133544634722532	0.0575232169658801	0.000332078432809623	0.0793256811481635
GO:0004156|[MF] dihydropteroate synthase activity	0.81405007721485	0.130647678550636	0.0410416441583832	0.0142606000761308	0
GO:0004160|[MF] dihydroxy-acid dehydratase activity	0.760614544977317	0.134645104095132	0.0193411644665948	0.085399186460956	0
GO:0004163|[MF] diphosphomevalonate decarboxylase activity	0.719554521405869	0.0180516835690467	0.195943803005485	0.0664499920195993	0
GO:0004170|[MF] dUTP diphosphatase activity	0.766372136081224	0.00605159950051499	0.112888114318461	0.00293469352413122	0.111753456575669
GO:0004176|[MF] ATP-dependent peptidase activity	0.900809952532616	0.0451901144927645	0.0420360868768503	0.0119638460977693	0
GO:0004177|[MF] aminopeptidase activity	0.924747735775509	0.0401717495293771	0.0288145566466678	0.00626595804844653	0
GO:0004180|[MF] carboxypeptidase activity	0.930515247849686	0.0320590410613988	0.0131522131296848	0.0242734979592304	0
GO:0004181|[MF] metallocarboxypeptidase activity	0.962424247209848	0.020181027644909	0.000547228559190024	0.0168474965860526	0
GO:0004185|[MF] serine-type carboxypeptidase activity	0.939792500530387	0.0236317132480205	0.0209677483035637	0.0156080379180287	0
GO:0004190|[MF] aspartic-type endopeptidase activity	0.951521496493525	0.0473408836309891	0.000805958559795997	0.0003316613156894	0
GO:0004197|[MF] cysteine-type endopeptidase activity	0.96151075621255	0.00877208338022065	0.0120706822542185	0.0176464781530112	0
GO:0004222|[MF] metalloendopeptidase activity	0.836588603501768	0.107965788679554	0.0405051850659164	0.0149404227527614	0
GO:0004252|[MF] serine-type endopeptidase activity	0.912853747615185	0.0475813466746439	0.0304484040883638	0.00911650162180677	0
GO:0004298|[MF] threonine-type endopeptidase activity	0.777689304761446	0.0312331845547955	0.0702129464995345	0.00790050200494007	0.112964062179284
GO:0004308|[MF] exo-alpha-sialidase activity	0.981968020615759	0.00299838131904776	0.00170407954169187	0.0133295185235009	0
GO:0004314|[MF] [acyl-carrier-protein] S-malonyltransferase activity	0.874749232441781	0.0138474492356799	0.0408555360657226	0.0430166506632257	0.0275311315935913
GO:0004315|[MF] 3-oxoacyl-[acyl-carrier-protein] synthase activity	0.896812876394979	0.033036095345128	0.051678432573964	0.018472595685929	0
GO:0004316|[MF] 3-oxoacyl-[acyl-carrier-protein] reductase (NADPH) activity	0.541113943943763	0.207351252142871	0.127305848574522	9.16278846480636e-06	0.124219792550378
GO:0004318|[MF] enoyl-[acyl-carrier-protein] reductase (NADH) activity	0.908912532832577	0.0469418434560717	0.0429697757168033	0.00117584799454748	0
GO:0004322|[MF] ferroxidase activity	0.950410170034873	0.00282377946120779	0.0337459891395384	0.0130200613643803	0
GO:0004324|[MF] ferredoxin-NADP+ reductase activity	0.860083042667439	0.00138484456462652	0.00636826363252802	0.132163849135407	0
GO:0004325|[MF] ferrochelatase activity	0.881762268694671	0.0497365761992057	0.0583611627351065	0.0101399923710163	7.23969045912327e-17
GO:0004326|[MF] tetrahydrofolylpolyglutamate synthase activity	0.91768919665779	0.056535864229613	0.0169044281003535	0.00887051101224371	0
GO:0004329|[MF] formate-tetrahydrofolate ligase activity	0.865040446054273	0.0595820594450423	0.020132255997452	0.0552452385032331	0
GO:0004332|[MF] fructose-bisphosphate aldolase activity	0.399409315203628	0.174967205143936	0.107168945279085	0.0503695242677886	0.268085010105562
GO:0004333|[MF] fumarate hydratase activity	0.80881854558777	0.18881240112618	0.00104125550789393	0.00132779777815573	0
GO:0004335|[MF] galactokinase activity	0.982811447066711	0.000407564892584616	0.0156867478666529	0.00109424017405126	0
GO:0004337|[MF] geranyltranstransferase activity	0.734308045602868	0.0112369932713832	0.1043226194697	0.150132341656049	0
GO:0004339|[MF] glucan 1,4-alpha-glucosidase activity	0.845806007286185	0.0195588497160916	0.0740536249472825	0.0167869352164175	0.0437945828340235
GO:0004340|[MF] glucokinase activity	0.971767371669865	0.0228875026872781	0.00103662963352193	0.00430849600933486	0
GO:0004342|[MF] glucosamine-6-phosphate deaminase activity	0.902252980559679	0.0345091020810801	0.0629449849137849	0.000292932445456056	0
GO:0004345|[MF] glucose-6-phosphate dehydrogenase activity	0.90839302327984	0.00161040432235842	0.00936398801077222	0.0806325843870294	0
GO:0004347|[MF] glucose-6-phosphate isomerase activity	0.874750564592776	0.0438097627984157	0.0610097610923722	0.0204299115164359	0
GO:0004348|[MF] glucosylceramidase activity	0.902293709819614	0.0200272099197103	0.0117304058641309	0.065948674396545	0
GO:0004349|[MF] glutamate 5-kinase activity	0.873795572783183	0.0583531706427868	0.0269418813891424	0.000583696754349293	0.040325678430539
GO:0004350|[MF] glutamate-5-semialdehyde dehydrogenase activity	0.892230853413008	0.0755038021210582	0.00467643346379034	0.0275889110021438	0
GO:0004351|[MF] glutamate decarboxylase activity	0.782749013880323	0.187994160378671	0.0105712536891479	0.0186855720518586	0
GO:0004352|[MF] glutamate dehydrogenase (NAD+) activity	0.80739940547581	2.15186240362287e-06	0.0233318019970187	0.0549376474953977	0.11432899316937
GO:0004353|[MF] glutamate dehydrogenase [NAD(P)+] activity	0.898372443680819	0.000342000007607118	0.0519672106735449	0.00413487896765555	0.0451834666703731
GO:0004355|[MF] glutamate synthase (NADPH) activity	0.995828060760186	0.00229172142235953	0.00187839938325699	1.81843419783386e-06	0
GO:0004356|[MF] glutamate-ammonia ligase activity	0.853447135051589	0.07787638948082	0.0309600771378293	0.0377163983297621	0
GO:0004357|[MF] glutamate-cysteine ligase activity	0.503127413226963	0.0353604853280058	0.368749779982121	0.0927623214629101	0
GO:0004358|[MF] glutamate N-acetyltransferase activity	0.802676985399744	0.100660441859829	0.016919079629026	0.0797434931114013	0
GO:0004359|[MF] glutaminase activity	0.718535794297062	0.233023900359811	0.0149749345073822	0.0334653708357445	0
GO:0004360|[MF] glutamine-fructose-6-phosphate transaminase (isomerizing) activity	0.887483165032615	0.0892231179851032	0.00650048015332731	0.0167932368289547	0
GO:0004362|[MF] glutathione-disulfide reductase activity	0.888385451120121	0.00374707110700048	0.0554029139883281	0.0524645637845501	0
GO:0004365|[MF] glyceraldehyde-3-phosphate dehydrogenase (NAD+) (phosphorylating) activity	0.978666591733153	0.00579696181862278	0.0110012144854831	0.0045352319627415	0
GO:0004367|[MF] glycerol-3-phosphate dehydrogenase [NAD+] activity	0.934736634505061	0.00145039541780627	0.0439093132040065	0.0199036568731267	0
GO:0004368|[MF] glycerol-3-phosphate dehydrogenase activity	0.734264735816557	0.098376246383439	0.100516485574667	0.0668425322253375	0
GO:0004370|[MF] glycerol kinase activity	0.86475150113998	0.0891093976520825	0.0241826375088761	0.0219564636990617	0
GO:0004371|[MF] glycerone kinase activity	0.893304169284018	0.0839744045872288	0.0189321498440267	0.0037892762847266	0
GO:0004372|[MF] glycine hydroxymethyltransferase activity	0.835164776887452	0.00543237983553178	0.00417328082600445	0.0175368792881994	0.137692683162812
GO:0004373|[MF] glycogen (starch) synthase activity	0.933758031174016	0.0361241892611718	0.0224000396370698	0.00771773992774194	0
GO:0004375|[MF] glycine dehydrogenase (decarboxylating) activity	0.950119044541173	0.0205465664475471	0.0284318401797649	0.000902548831514656	0
GO:0004385|[MF] guanylate kinase activity	0.943532751562583	0.0102505038527643	0.0204194935936454	0.0257972509910076	0
GO:0004386|[MF] helicase activity	0.934922695026856	0.000421197987391566	0.0309607054850192	0.00111774006006786	0.0325776614406657
GO:0004397|[MF] histidine ammonia-lyase activity	0.944473842218867	0.0333081229459197	0.0210063591345852	0.00121167570062833	0
GO:0004399|[MF] histidinol dehydrogenase activity	0.864443571064288	0.0469970788724577	0.0249151817626091	0.0636441683006448	0
GO:0004400|[MF] histidinol-phosphate transaminase activity	0.919413735135148	0.0415021544967353	0.014556918252391	0.0245271921157257	0
GO:0004401|[MF] histidinol-phosphatase activity	0.964322493673189	0.0343706547712026	0.00130671493244048	1.36623167889821e-07	0
GO:0004402|[MF] histone acetyltransferase activity	0.75148613427291	0.107176337152046	8.31792964943661e-06	0.141329210645395	0
GO:0004412|[MF] homoserine dehydrogenase activity	0.818892761749547	0.0425296519114281	0.00565193759598498	0.0618591954898859	0.0710664532531544
GO:0004413|[MF] homoserine kinase activity	0.722562399532343	2.86101107647267e-06	0.0975201496491791	0.0315634448320764	0.148351144975325
GO:0004414|[MF] homoserine O-acetyltransferase activity	0.735376163067176	0.117431191802935	0.0725361604282755	0.0746564847016141	0
GO:0004416|[MF] hydroxyacylglutathione hydrolase activity	0.850393509683291	0.123454880679947	0.00177330610482563	0.024378303531937	0
GO:0004417|[MF] hydroxyethylthiazole kinase activity	0.820066752467879	0.0858234517189364	4.26927390827616e-05	0.0940671030741013	0
GO:0004418|[MF] hydroxymethylbilane synthase activity	0.856249183506163	0.101909951046255	0.0159684324671827	0.0258724329803993	0
GO:0004419|[MF] hydroxymethylglutaryl-CoA lyase activity	0.742575710076777	0.0645810745180885	0.164132790694823	0.0287104247103114	0
GO:0004420|[MF] hydroxymethylglutaryl-CoA reductase (NADPH) activity	0.937000464927558	0.00732876173778996	0.00343331563128024	0.0522374577033717	0
GO:0004421|[MF] hydroxymethylglutaryl-CoA synthase activity	0.977032052547381	0.0145925216857527	0.00826347036613545	0.000111955400730394	0
GO:0004422|[MF] hypoxanthine phosphoribosyltransferase activity	0.962942264132295	0.000381892874667947	0.0215139223330923	0.0151619206599445	0
GO:0004424|[MF] imidazoleglycerol-phosphate dehydratase activity	0.820192214903024	0.0902694920066051	0.0476771862514965	0.0418611068388746	1.76712884807879e-17
GO:0004425|[MF] indole-3-glycerol-phosphate synthase activity	0.886427074001317	0.00130720026254963	0.0465417535694747	0.00109249687231296	0.0646314752943456
GO:0004427|[MF] inorganic diphosphatase activity	0.816382915034575	0.0249310943838636	0.147417030729944	0.0112689598516177	0
GO:0004450|[MF] isocitrate dehydrogenase (NADP+) activity	0.776596665142823	0.125743634592146	0.0364637108010933	0.0611959894639375	0
GO:0004452|[MF] isopentenyl-diphosphate delta-isomerase activity	0.788558461669816	0.0614068831400393	0.0458945414018348	0.00438836886434527	0.0997517449239646
GO:0004455|[MF] ketol-acid reductoisomerase activity	0.845273661404488	0.0263936470378133	0.0514659239914977	0.00144175977438042	0.075425007791821
GO:0004459|[MF] L-lactate dehydrogenase activity	0.964201064661921	0.0272709173482783	0.00217431938252852	0.006353698607272	0
GO:0004462|[MF] lactoylglutathione lyase activity	0.903855633059886	0.0596893318131344	0.00745490725070169	0.0290001278762778	0
