Residuals	timepoint	number_of_pups_scaled	genotype	lipocalin2_pg_ml_scaled
1.1.1.1|Alcohol dehydrogenase	0.366940107805396	0.616539070311914	0.0147077072853673	4.72181159425398e-20	0.00181311459732281
1.1.1.100|3-oxoacyl-[acyl-carrier-protein] reductase	0.657350756340993	0.341546696326241	0.000585700467199387	1.67887040381371e-10	0.000516846697679923
1.1.1.103|L-threonine 3-dehydrogenase	0.814733141394509	0.182683298039807	0.00237480008318018	0	0.000208760482504235
1.1.1.122|D-threo-aldose 1-dehydrogenase	0.762309887960562	0.188713520782132	0.00144511191933773	0.0467834978873234	0.000747981450645552
1.1.1.125|2-deoxy-D-gluconate 3-dehydrogenase	0.498719382618165	0.231918941658722	0.119301662907302	0.149783957962987	0.000276054852824354
1.1.1.127|2-dehydro-3-deoxy-D-gluconate 5-dehydrogenase	0.869038792059014	0.0767351698535538	0.050781988320728	0	0.00344404976670408
1.1.1.130|3-dehydro-L-gulonate 2-dehydrogenase	0.681364181808223	0.238616040005851	0.0752416974449129	0.00439796893993783	0.00038011180107527
1.1.1.131|Mannuronate reductase	0.88676468411612	0.103965317593234	0.00926991543688318	1.81730868510562e-13	8.28535808286306e-08
1.1.1.132|GDP-mannose 6-dehydrogenase	0.73743947760962	0.168590220050343	0.00371371100999735	0.0884897739650805	0.00176681736495937
1.1.1.133|dTDP-4-dehydrorhamnose reductase	0.484034286098084	0.503492570641583	0.00930215883605482	0	0.00317098442427816
1.1.1.136|UDP-N-acetylglucosamine 6-dehydrogenase	0.68559835864542	0.273899198561755	0.0356449523979061	0.00465901700640813	0.000198473388510542
1.1.1.14|L-iditol 2-dehydrogenase	0.641603391140048	0.279445064910652	0.0439279210676846	0.0326069198698572	0.00241670301175873
1.1.1.140|Sorbitol-6-phosphate 2-dehydrogenase	0.95975750377984	0.0145210176850265	0.0101966066834822	0	0.0155248718516514
1.1.1.157|3-hydroxybutyryl-CoA dehydrogenase	0.391010969025102	0.589589402793406	0.000786664278996503	0.0164737336978425	0.00213923020465279
1.1.1.169|2-dehydropantoate 2-reductase	0.356746208939704	0.641310682144118	7.99189860757423e-05	0.00130573773254556	0.000557452197556196
1.1.1.17|Mannitol-1-phosphate 5-dehydrogenase	0.394928181507668	0.603146087084674	0.00130931172649264	7.98151056644284e-13	0.000616419680367129
1.1.1.18|Inositol 2-dehydrogenase	0.875023206185036	2.63431804539005e-17	0.111981778060404	0	0.0129950157545595
1.1.1.193|5-amino-6-(5-phosphoribosylamino)uracil reductase	0.612738510149337	0.381125539291127	0.00234584443056199	4.43363313436037e-18	0.0037901061289739
1.1.1.195|Cinnamyl-alcohol dehydrogenase	0.513662816490255	0.462868810629282	0.0231965466544876	3.49397044689044e-12	0.000271826222481898
1.1.1.2|Alcohol dehydrogenase (NADP(+))	0.877644560514126	0.041287939847936	0.00780769116721567	5.10335036359204e-20	0.0732598084707223
1.1.1.202|1,3-propanediol dehydrogenase	0.372092187594872	0.614746856091613	0.0124293605231306	0	0.000731595790384897
1.1.1.205|IMP dehydrogenase	0.684873889284706	0.31278120117787	0.000147626119998547	0	0.0021972834174247
1.1.1.21|Aldehyde reductase	0.704766109939366	0.26238861729409	0.0319467108647946	4.97804981044115e-14	0.000898561901699626
1.1.1.218|Morphine 6-dehydrogenase	0.69653526223371	0.273355319943484	0.0300313910336683	0	7.80267891374706e-05
1.1.1.22|UDP-glucose 6-dehydrogenase	0.788143637338141	0.175732803391792	0.0175780656042194	0.0176968770592067	0.000848616606640693
1.1.1.23|Histidinol dehydrogenase	0.558585518233004	0.428452440399657	0.0025247556697666	0.0104327002014434	4.58549612979184e-06
1.1.1.244|Methanol dehydrogenase	0.999890918588051	0	1.22330826466172e-05	0	9.68483293026264e-05
1.1.1.25|Shikimate dehydrogenase	0.876392675549993	0.0639903098146978	0.00043523614532627	0	0.0591817784899828
1.1.1.251|Galactitol-1-phosphate 5-dehydrogenase	0.876040596216397	0.111361787494055	0.00728163279830811	1.20697575912018e-12	0.00531598349003268
1.1.1.26|Glyoxylate reductase	0.93190935179222	0.0184652467338634	0.0402747207585849	1.00930862472005e-11	0.00935068070523833
1.1.1.261|sn-glycerol-1-phosphate dehydrogenase	0.437321875668279	0.48003653611535	0.0319350919389588	0.0482670566152446	0.00243943966216717
1.1.1.262|4-hydroxythreonine-4-phosphate dehydrogenase	0.450309873929364	0.541918333024777	0.00157385762116195	0.0052073886924853	0.0009905467322123
1.1.1.267|1-deoxy-D-xylulose-5-phosphate reductoisomerase	0.744373495417856	0.240129952123958	0.0008014350948647	0	0.0146951173633211
1.1.1.27|L-lactate dehydrogenase	0.337907493490388	0.646104950347956	0.0155154237105226	0	0.000472132451133372
1.1.1.271|GDP-L-fucose synthase	0.656361094750992	0.3433089736192	7.17513481223944e-05	0	0.000258180281684925
1.1.1.272|D-2-hydroxyacid dehydrogenase (NADP(+))	0.657893138763685	0.337680860808243	0.00209180488889267	2.9316400169368e-15	0.00233419553917643
1.1.1.274|2,5-didehydrogluconate reductase (2-dehydro-D-gluconate-forming)	0.364055125666436	0.621453434278956	0.0138500062474604	7.45873083988942e-13	0.000641433806401945
1.1.1.276|Serine 3-dehydrogenase (NADP(+))	0.954074805626098	0	0.0361791874231227	0	0.00974600695077896
1.1.1.28|D-lactate dehydrogenase	0.510021361572641	0.467958100291506	0.0212543183252142	0	0.000766219810639082
1.1.1.281|GDP-4-dehydro-6-deoxy-D-mannose reductase	0.899582944428487	0.0549516561953385	0.0435396487920067	1.29939302768732e-14	0.00192575058415512
1.1.1.283|Methylglyoxal reductase (NADPH)	0.520391582766204	0.458865232024899	0.01830887200994	0	0.00243431319895747
1.1.1.29|Glycerate dehydrogenase	0.993880856703616	0	0.00157472777544902	0	0.0045444155209352
1.1.1.290|4-phosphoerythronate dehydrogenase	0.994076032046594	0	0.00558493549736696	0	0.000339032456039266
1.1.1.291|2-hydroxymethylglutarate dehydrogenase	0.861986378398706	0.0566370247664682	0.00245138408095121	0.0712824031819471	0.00764280957192723
1.1.1.292|1,5-anhydro-D-fructose reductase (1,5-anhydro-D-mannitol-forming)	0.883174631521578	0.0659970974547968	0.00225617617195203	1.80724330151127e-11	0.0485720948336005
1.1.1.3|Homoserine dehydrogenase	0.369154608248637	0.63062083968266	7.08841514360708e-05	0	0.000153667917267332
1.1.1.301|D-arabitol-phosphate dehydrogenase	0.534504002910239	0.391655494522611	0.0254175252707663	0.0201901903329397	0.028232786963444
1.1.1.304|Diacetyl reductase ((S)-acetoin forming)	0.682930312376056	0.287889011511104	0.0251871663240069	0	0.00399350978883354
1.1.1.306|S-(hydroxymethyl)mycothiol dehydrogenase	0.70435152095519	0.29368081084948	1.33966923323138e-06	2.43517024341169e-10	0.00196632828257973
1.1.1.31|3-hydroxyisobutyrate dehydrogenase	0.927278788843988	0.0638612592999725	0.00476630131596666	0	0.00409365054007309
1.1.1.313|Sulfoacetaldehyde reductase	0.89470236081818	0.103150726490046	0.00209468500661395	4.46606972397981e-14	5.22276851149847e-05
1.1.1.336|UDP-N-acetyl-D-mannosamine dehydrogenase	0.889590604123768	0.0972586672074148	0.0130109413402071	0	0.000139787328609897
1.1.1.346|2,5-didehydrogluconate reductase (2-dehydro-L-gulonate-forming)	0.778954573198065	0.113268900377531	0.0326659761757296	0.0747894086168421	0.00032114163183302
1.1.1.35|3-hydroxyacyl-CoA dehydrogenase	0.317361842148272	0.67219476175723	0.010033417055446	0	0.000409979039052477
1.1.1.369|D-chiro-inositol 1-dehydrogenase	0.798757642733852	0.118129793689365	0.0823624462966302	1.03858849866997e-13	0.000750117280048588
1.1.1.37|Malate dehydrogenase	0.852430402153947	0.146469928478483	0.00107910585362753	0	2.05635139425918e-05
1.1.1.38|Malate dehydrogenase (oxaloacetate-decarboxylating)	0.739315824599142	0.25492254479312	0.00502169884556673	0	0.000739931762171138
1.1.1.40|Malate dehydrogenase (oxaloacetate-decarboxylating) (NADP(+))	0.735449024774397	0.250955408782009	0.0132427072461505	0	0.000352859197443888
1.1.1.42|Isocitrate dehydrogenase (NADP(+))	0.67359553413363	0.314242152246894	0.00691785713190426	0.00490534747036438	0.000339109017208282
1.1.1.44|Phosphogluconate dehydrogenase (NADP(+)-dependent, decarboxylating)	0.51119797215968	0.466214897668378	0.0223463381688699	0	0.000240792003071267
1.1.1.47|Glucose 1-dehydrogenase (NAD(P)(+))	0.977052954631946	0.0160723606037557	0.00673286154762742	1.31050788920138e-14	0.000141823216657447
1.1.1.49|Glucose-6-phosphate dehydrogenase (NADP(+))	0.526049381545519	0.448477559709423	0.0254003162068423	0	7.27425382159929e-05
1.1.1.50|3-alpha-hydroxysteroid 3-dehydrogenase (Si-specific)	0.911409797658068	0.0772278480092195	0.00766751027777035	4.2537881329724e-12	0.00369484405068869
1.1.1.57|Fructuronate reductase	0.592558706815904	0.271192931007277	0.0175033531390008	0.111619065441455	0.00712594359636247
1.1.1.58|Tagaturonate reductase	0.911097628164833	0.0740756314033812	0.0138804578564379	0	0.000946282575347508
1.1.1.6|Glycerol dehydrogenase	0.360058766154212	0.628440137978828	0.0111425491116559	6.71172743708997e-11	0.00035854668818732
1.1.1.60|2-hydroxy-3-oxopropionate reductase	0.690127230166943	0.300198484637532	0.00727752657002399	6.43549825687341e-15	0.00239675862549436
1.1.1.67|Mannitol 2-dehydrogenase	0.7171510549655	0.194726883430167	0.018257505451446	0.0643899809188807	0.00547457523400673
1.1.1.69|Gluconate 5-dehydrogenase	0.665817962420561	0.263799002855975	0.0132357027269215	0.0413846465120947	0.0157626854844477
1.1.1.77|Lactaldehyde reductase	0.718485261451041	0.26549488391211	0.00491087475361964	0.0100705655569643	0.00103841432626512
1.1.1.79|Glyoxylate reductase (NADP(+))	0.893390766281137	0	0.0016510180932967	0	0.104958215625566
1.1.1.85|3-isopropylmalate dehydrogenase	0.749312297371448	0.246815928609564	0.00382119372495789	1.55255336086943e-06	4.90277406692321e-05
1.1.1.86|Ketol-acid reductoisomerase (NADP(+))	0.987262370418908	0.00785231575468495	0.00263743199051195	0	0.00224788183589537
1.1.1.88|Hydroxymethylglutaryl-CoA reductase	0.444945043899062	0.530416104143007	0.024367979980767	0	0.000270871977163709
1.1.1.94|Glycerol-3-phosphate dehydrogenase (NAD(P)(+))	0.604761722758527	0.385580184276819	0.00954402573650023	2.75028017931427e-16	0.000114067228153062
1.1.1.95|Phosphoglycerate dehydrogenase	0.602315309855261	0.374486810957131	0.0164039094029793	0	0.00679396978462829
1.1.2.3|L-lactate dehydrogenase (cytochrome)	0.834742360770617	0.153711968955413	6.09163972879484e-05	0	0.0114847538766824
1.1.3.15|(S)-2-hydroxy-acid oxidase	0.828854137313969	0.0967105598215286	0.0299627468259575	0.0313593242618771	0.0131132317766677
1.1.5.3|Glycerol-3-phosphate dehydrogenase	0.933662476827459	0.0292708026506795	0.0130220628915221	0.0231580705946628	0.000886587035676727
1.1.5.4|Malate dehydrogenase (quinone)	0.533001567282653	0.457385654500981	0.00846382019364467	0	0.00114895802272178
1.1.99.28|Glucose-fructose oxidoreductase	0.623184338507106	0.361782503091268	0.00131502748600863	6.2331084765646e-14	0.0137181309155555
1.1.99.38|2-deoxy-scyllo-inosamine dehydrogenase (AdoMet-dependent)	0.841241085416363	0.133171414895774	3.13463095685856e-07	8.42999257060978e-12	0.0255871862163376
1.10.2.2|Quinol--cytochrome-c reductase	0.555958205776791	0.430586751191475	0.0111401351346455	0	0.00231490789708836
1.10.3.10|Ubiquinol oxidase (H(+)-transporting)	0.949355325259128	0.0115652548295517	0.000397250836056364	0.028314920460127	0.0103672486151371
1.11.1.1|NADH peroxidase	0.579487068126682	0.402993660105635	0.000926856501200065	0.0149364125174478	0.00165600274903523
1.11.1.15|Peroxiredoxin	0.76905696404055	0.218187432194989	0.0126856175912099	4.4577045952276e-08	6.99415962052719e-05
1.11.1.5|Cytochrome-c peroxidase	0.598991259828682	0.385814755728026	0.0151927276224866	0	1.25682080531115e-06
1.11.1.6|Catalase	0.686382475530591	0.308863007122855	0.00323369071249417	1.3376408570155e-11	0.0015208266206833
1.12.1.2|Hydrogen dehydrogenase	0.74843522282566	0.247542908452733	0.000626860716109258	0	0.00339500800549727
1.12.1.3|Hydrogen dehydrogenase (NADP(+))	0.553002821431271	0.366397774807318	0.002489120632773	0.0517063822965724	0.0264039008320654
1.12.7.2|Ferredoxin hydrogenase	0.820167330752265	0.171956605077181	0.00054868852991122	0.00576357384077306	0.00156380179986989
1.12.99.6|Hydrogenase (acceptor)	0.644890195410606	0.285999679167713	0.000584926837503183	0.0443785757062008	0.0241466228779774
1.13.12.16|Nitronate monooxygenase	0.552146907786706	0.347948398576507	0.00394391845761825	0.0772120919136084	0.0187486832655604
1.14.13.48|(S)-limonene 6-monooxygenase	0.776900910223758	0.157793666514379	0.00733045191704572	0	0.0579749713448176
1.14.13.7|Phenol 2-monooxygenase	0.856299159734061	0.135519755913533	0.00169725573342732	1.84584858264945e-13	0.00648382861879409
1.14.13.81|Magnesium-protoporphyrin IX monomethyl ester (oxidative) cyclase	0.882886381655963	0.0636098146562062	0.00272266533845207	0.0400311068240933	0.0107500315252854
1.15.1.1|Superoxide dismutase	0.983944856401641	9.29527139547576e-17	0.00634567040297585	0	0.00970947319538294
1.15.1.2|Superoxide reductase	0.670056905456822	0.159511722940869	0.0113052993743566	0.102536939443985	0.0565891327839678
1.16.1.1|Mercury(II) reductase	0.493897419059813	0.467042176221967	0.00174548298214793	0.0344827572843227	0.00283216445174924
1.16.3.1|Ferroxidase	0.854939464260115	0.141408427328118	0.000384392771712254	3.79696470078524e-12	0.00326771563625751
1.16.3.2|Bacterial non-heme ferritin	0.917543047098403	0.0796902921406825	0.002738118173207	2.03711667978401e-12	2.85425856707094e-05
1.17.1.4|Xanthine dehydrogenase	0.795630600906131	0.155049022919868	0.0212344450247557	1.14341990675594e-16	0.0280859311492451
1.17.1.5|Nicotinate dehydrogenase	0.839441954481515	0.129879059089841	0.00912391934899359	5.41699870313184e-22	0.0215550670796496
1.17.1.8|4-hydroxy-tetrahydrodipicolinate reductase	0.376717426627422	0.619468008019739	0.000377892000652394	0	0.00343667335218659
1.17.4.1|Ribonucleoside-diphosphate reductase	0.991714710577014	0	0.00786946941269407	0	0.000415820010292162
1.17.4.2|Ribonucleoside-triphosphate reductase	0.372538272198622	0.624369820237613	0.00223123682124491	0	0.000860670742520157
1.17.7.3|(E)-4-hydroxy-3-methylbut-2-enyl-diphosphate synthase (flavodoxin)	0.586635605979987	0.405166670793826	0.0052847905786727	0.00217268147909767	0.000740251168416493
1.17.99.6|Epoxyqueuosine reductase	0.612823575920266	0.380105325927556	0.0030060773202364	0	0.0040650208319419
1.18.1.2|Ferredoxin--NADP(+) reductase	0.440422912434757	0.533169044041383	0.0257235328211115	4.57109438496255e-14	0.000684510702702709
1.18.6.1|Nitrogenase	0.745807663541508	0.210714968828685	0.00476060074020855	0.0387019536629993	1.48132265988441e-05
1.2.1.10|Acetaldehyde dehydrogenase (acetylating)	0.930808020615297	0	0.0368376529958016	0	0.0323543263889013
1.2.1.11|Aspartate-semialdehyde dehydrogenase	0.982456161521786	0.0130136683418469	0.00106007293465567	0	0.00347009720171121
1.2.1.12|Glyceraldehyde-3-phosphate dehydrogenase (phosphorylating)	0.540102776662433	0.445087366733118	0.0135865998977061	0	0.00122325670674263
1.2.1.16|Succinate-semialdehyde dehydrogenase (NAD(P)(+))	0.389798961897754	0.595709580924933	0.0137377450782023	3.17314453780431e-15	0.000753712099107228
1.2.1.2|Formate dehydrogenase	0.529080262246245	0.461209696047011	0.00811886692263221	2.13315248204022e-21	0.00159117478411167
1.2.1.24|Succinate-semialdehyde dehydrogenase (NAD(+))	0.389798961897754	0.595709580924933	0.0137377450782023	3.17314453780431e-15	0.000753712099107228
1.2.1.27|Methylmalonate-semialdehyde dehydrogenase (CoA acylating)	0.649458053032269	0.275221632262307	0.00721054408227162	0.066581327760589	0.00152844286256306
1.2.1.3|Aldehyde dehydrogenase (NAD(+))	0.378382147317064	0.607505663313114	0.0127810585681952	0	0.00133113080162634
1.2.1.38|N-acetyl-gamma-glutamyl-phosphate reductase	0.841074501920587	0.128168413823216	0.00433869716504672	2.76170304636245e-13	0.0264183870908737
1.2.1.41|Glutamate-5-semialdehyde dehydrogenase	0.40882731687334	0.590741091941534	0.000418748878414413	0	1.28423067114005e-05
1.2.1.46|Formaldehyde dehydrogenase	0.705806296776568	0.244159454963805	0.0475102743302837	0	0.00252397392934297
1.2.1.68|Coniferyl-aldehyde dehydrogenase	0.997590280677826	0	0.0018115352799452	0	0.000598184042228962
1.2.1.70|Glutamyl-tRNA reductase	0.654066941471512	0.301823350058667	0.0300066557883616	0	0.0141030526814596
1.2.1.76|Succinate-semialdehyde dehydrogenase (acetylating)	0.959262858094624	0	0.0015981721370749	0	0.0391389697683011
1.2.1.88|L-glutamate gamma-semialdehyde dehydrogenase	0.468577820074428	0.512114130490099	0.0167728709028516	0	0.00253517853262085
1.2.3.3|Pyruvate oxidase	0.477702279027177	0.510157023675512	0.0116878402030294	0	0.000452857094281341
1.2.4.1|Pyruvate dehydrogenase (acetyl-transferring)	0.368391738675547	0.622045386617285	0.00923972709915386	8.41251052342148e-15	0.000323147608005537
1.2.4.4|3-methyl-2-oxobutanoate dehydrogenase (2-methylpropanoyl-transferring)	0.859798369242379	0.132791531621236	0.00734260819803552	1.06220487840919e-14	6.7490938339072e-05
1.2.5.1|Pyruvate dehydrogenase (quinone)	0.506296374212195	0.458753843639698	0.000949543526783348	0.00945681431207228	0.0245434243092513
1.2.7.1|Pyruvate synthase	0.503704090370106	0.489404853862566	0.00676924833722745	0	0.00012180743010055
1.2.7.3|2-oxoglutarate synthase	0.518426620098195	0.477350533541093	0.0035808310707627	0	0.000642015289948543
1.2.7.4|Carbon-monoxide dehydrogenase (ferredoxin)	0.753307082447392	0.204647842483446	0.031583753125491	0.00815020947087139	0.00231111247279973
1.2.7.5|Aldehyde ferredoxin oxidoreductase	0.404916708833438	0.592381622804136	0.00172591992246136	2.43238549229377e-18	0.000975748439964444
1.2.7.7|3-methyl-2-oxobutanoate dehydrogenase (ferredoxin)	0.793509507441368	0.078414652407452	0.030765542087971	5.77559873935685e-13	0.0973102980626313
1.2.7.8|Indolepyruvate ferredoxin oxidoreductase	0.771764531369841	0.221067337676004	0.000370657033242698	1.71616742144045e-12	0.00679747391919564
1.2.99.2|Carbon-monoxide dehydrogenase (acceptor)	0.552031384878553	0.421550964197074	0.019652276952763	1.26654043431595e-14	0.00676537397159747
1.2.99.5|Formylmethanofuran dehydrogenase	0.940982544689942	0	0.0518967565296124	0	0.00712069878044529
1.2.99.7|Aldehyde dehydrogenase (FAD-independent)	0.889322439372266	0.0895751220715435	0.00182018105221815	0.00365955558688864	0.0156227019170833
1.21.4.1|D-proline reductase (dithiol)	0.855662031844807	0.143779432222225	8.40086716764961e-06	0	0.000550135065799817
1.21.4.2|Glycine reductase	0.708233667295832	0.290928882648654	0.000667469354844051	0	0.000169980700670835
1.21.4.3|Sarcosine reductase	0.763409078398898	0.160008990994746	0.00138254784468955	0.00304155767588398	0.0721578250857821
1.21.4.4|Betaine reductase	0.829548137267001	0.1245836178285	6.99381674076192e-05	0.00105019460395057	0.044748112133141
1.21.98.1|Cyclic dehypoxanthinyl futalosine synthase	0.604647761811625	0.388338606979085	0.0065598635064219	0	0.000453767702869063
1.3.1.1|Dihydrouracil dehydrogenase (NAD(+))	0.540667806290976	0.36518258902039	0.000510294446986893	0.0846851856229715	0.00895412461867551
1.3.1.12|Prephenate dehydrogenase	0.602973829337459	0.393004863285174	0.001277505764139	0	0.00274380161322811
1.3.1.14|Dihydroorotate dehydrogenase (NAD(+))	0.859083755729912	0.0828920828829661	0.00304994528763835	0.0253274314984482	0.0296467846010355
1.3.1.2|Dihydropyrimidine dehydrogenase (NADP(+))	0.401308312469866	0.588381381893561	0.0102860410236711	4.87349631494511e-15	2.42646128970133e-05
1.3.1.26|Transferred entry	0.956107886501544	0.0404094343536334	0.00279066816986168	8.58687031614938e-13	0.000692010974101845
1.3.1.43|Arogenate dehydrogenase	0.707768120096798	0.131542836478609	0.000271322151796785	0.091606153727992	0.0688115675448042
1.3.1.44|Trans-2-enoyl-CoA reductase (NAD(+))	0.927392929447838	0.052253225427314	0.00920162794658777	0	0.0111522171782604
1.3.1.54|Precorrin-6A reductase	0.799782950586579	0.176696473409761	2.34617178810138e-05	0.023240390122533	0.000256724163245976
1.3.1.6|Fumarate reductase (NADH)	0.857289197269121	0.106073157639544	0.00190003737581302	0.0182930367128215	0.0164445710027008
1.3.1.76|Precorrin-2 dehydrogenase	0.782479012370044	0.152002176363287	0.0582900762414817	0	0.00722873502518643
1.3.1.9|Enoyl-[acyl-carrier-protein] reductase (NADH)	0.92925227601788	0.0691843936169699	0.00124450741726988	0	0.00031882294787978
1.3.1.91|tRNA-dihydrouridine(20) synthase (NAD(P)(+))	0.684354309602038	0.30203621652627	0.00939387402821688	0.00289470334443896	0.00132089649903618
1.3.1.95|Acryloyl-CoA reductase (NADH)	0.88057361247155	0.0629855105495841	0.0530109150168943	8.31226022960551e-12	0.0034299619536594
1.3.1.98|UDP-N-acetylmuramate dehydrogenase	0.463940943033612	0.527798531627567	0.00677410709489023	0	0.00148641824392986
1.3.3.4|Protoporphyrinogen oxidase	0.754665467898523	0.180949674066443	0.0633479526677319	5.59546239013986e-11	0.00103690531134774
1.3.5.1|Succinate dehydrogenase (quinone)	0.770066490060006	0.224961207566633	0.00495000915745774	0	2.22932159031913e-05
1.3.5.2|Dihydroorotate dehydrogenase (quinone)	0.850794846690918	0.135867168854267	0.013211917682063	7.71626427880315e-11	0.000126066695589604
1.3.5.4|Fumarate reductase (quinol)	0.820044703542761	0.179940740402956	2.61492973406682e-07	0	1.42945613095852e-05
1.3.7.8|Benzoyl-CoA reductase	0.73946593519915	0.254450267644467	0.00165453069529227	0	0.00442926646109027
1.3.7.9|4-hydroxybenzoyl-CoA reductase	0.626007185526192	0.333856911492324	0.0164057904118523	0.0226954901408693	0.00103462242876273
1.3.8.1|Short-chain acyl-CoA dehydrogenase	0.823566869828118	0.138215127726049	0.0351863057390263	0.00295786751798125	7.38291888255024e-05
1.3.98.1|Dihydroorotate oxidase (fumarate)	0.610810364076911	0.365812362701789	0.0233215811883361	0	5.56920329639154e-05
1.3.99.1|Deleted entry	0.929747219831843	0.0618492904864786	2.20932964105091e-06	0	0.00840128035203747
1.3.99.2|Transferred entry	0.693236444311046	0.276989731880479	0.000104404898876712	0.0176183786114372	0.012051040298162
1.3.99.22|Coproporphyrinogen dehydrogenase	0.652709986907242	0.205820193699335	0.0174074985086971	0.0910314169604191	0.0330309039243067
1.3.99.24|2-amino-4-deoxychorismate dehydrogenase	0.768301961976366	0.148885968985012	0.00996035332329287	0.0709870217558402	0.00186469395948943
1.3.99.33|Urocanate reductase	0.657618721357105	0.334460098384908	0.00170090075313783	7.12851862511777e-14	0.00622027950477796
1.3.99.4|3-oxosteroid 1-dehydrogenase	0.936470583656859	0.0588350064117657	7.28040311339266e-06	0	0.00468712952826172
1.3.99.5|3-oxo-5-alpha-steroid 4-dehydrogenase (acceptor)	0.999582880092255	6.79515785620789e-16	0.00010129586388163	6.78308113212057e-17	0.000315824043862493
1.4.1.1|Alanine dehydrogenase	0.542767262297941	0.42803992645971	0.00468309149252809	0.0244866279071055	2.30918427158975e-05
1.4.1.11|L-erythro-3,5-diaminohexanoate dehydrogenase	0.780673600956169	0.214288172819718	0.00372592439857697	0	0.00131230182553645
1.4.1.13|Glutamate synthase (NADPH)	0.639288206372735	0.351364046393309	0.00903433427700702	1.54018756518297e-10	0.000313412802930919
1.4.1.14|Glutamate synthase (NADH)	0.729947746600045	0.242426718750461	0.00796229213939629	0.0181186739283967	0.00154456858170139
1.4.1.16|Diaminopimelate dehydrogenase	0.955940598349533	0.037941071523409	0.00610941229882939	0	8.91782822822735e-06
1.4.1.2|Glutamate dehydrogenase	0.779616391692128	0.162525268019745	0.00203452728337573	0.0557622198298687	6.15931748822416e-05
1.4.1.21|Aspartate dehydrogenase	0.704034238527909	0.286869111275433	0.0057304064640226	1.64884345074676e-13	0.00336624373247075
1.4.1.3|Glutamate dehydrogenase (NAD(P)(+))	0.735235311940744	0.191726597132184	0.0215756373904062	0.0486738670891551	0.00278858644751073
1.4.1.4|Glutamate dehydrogenase (NADP(+))	0.922086935779212	0.0663479371701593	3.43689758578976e-05	3.3341222123582e-11	0.0115307580414293
1.4.3.16|L-aspartate oxidase	0.688689971653886	0.296163602052074	0.00351152768433813	0.0116347047069832	1.93902718865873e-07
1.4.3.19|Glycine oxidase	0.778873597763693	0.0652267920408839	0.121601149498088	0	0.0342984606973348
1.4.3.5|Pyridoxal 5-phosphate synthase	0.835778684356808	0.037263913900947	0.00257369451587617	8.54541190329565e-13	0.124383707225514
1.4.4.2|Glycine dehydrogenase (aminomethyl-transferring)	0.830303016031368	0.149646901762178	0.0131355021974059	0.00676939608813304	0.000145183920914281
1.4.7.1|Glutamate synthase (ferredoxin)	0.550987526228493	0.40360115074697	0.00477088022241085	0.0209687540502223	0.0196716887519038
1.5.1.12|Transferred entry	0.672616824629246	0.317694645644703	0.000386402039809092	8.10689225305468e-10	0.00930212687555296
1.5.1.2|Pyrroline-5-carboxylate reductase	0.270055531655644	0.715554718916763	0.00281386284952498	0	0.0115758865780682
1.5.1.20|Methylenetetrahydrofolate reductase (NAD(P)H)	0.306003182691091	0.629474886008797	0.00846327991102373	0.0559214761610672	0.000137175228020697
1.5.1.3|Dihydrofolate reductase	0.545651769531868	0.447237474554096	0.00691269154727802	1.28351571704084e-15	0.000198064366756911
1.5.1.36|Flavin reductase (NADH)	0.594189083995727	0.374978773970701	0.0306203622471518	0	0.000211779786419785
1.5.1.38|FMN reductase (NADPH)	0.570556142051211	0.375854362706391	0.00078529213941827	0.0327936358771799	0.0200105672258001
1.5.1.39|FMN reductase (NAD(P)H)	0.826605633923894	0.117825527262459	0.00279805633710925	0.0524903517887822	0.000280430687755356
1.5.1.43|Carboxynorspermidine synthase	0.687561193014984	0.272437360133175	0.00169095817258693	0.0376303381587186	0.000680150520535547
1.5.1.5|Methylenetetrahydrofolate dehydrogenase (NADP(+))	0.630807127368875	0.34912670583758	0.0130336793282454	1.5615449259702e-12	0.00703248746373827
1.5.1.7|Saccharopine dehydrogenase (NAD(+), L-lysine-forming)	0.709847880673228	0.269759015906544	0.0196075203199102	0	0.000785583100317859
1.5.3.1|Sarcosine oxidase	0.62452414970667	0.293006112851688	0.00690054324912962	0.0755280701040976	4.11240884150259e-05
1.5.5.2|Proline dehydrogenase	0.502295571554152	0.47805697156985	0.0150690023514277	0	0.00457845452457048
1.6.5.11|NADH dehydrogenase (quinone)	0.695181545171356	0.268691558432129	0.0104335175140865	0.0256933578642859	2.10181429061823e-08
1.6.5.2|NAD(P)H dehydrogenase (quinone)	0.753487114719041	0.147377207458301	2.71063188560797e-05	0.0953956105288811	0.00371296097492084
1.6.5.3|NADH:ubiquinone reductase (H(+)-translocating)	0.497242976620826	0.490037740628393	0.0102943772739504	9.89531701997657e-16	0.00242490547682987
1.6.5.5|NADPH:quinone reductase	0.74331100520964	0.0849226691147162	2.05128330390204e-05	0.138365585848186	0.0333802269944186
1.6.99.1|NADPH dehydrogenase	0.99892107912644	3.14454418730914e-15	0.000718200409022106	0	0.000360720464535165
1.6.99.3|NADH dehydrogenase	0.353152549573651	0.636030222321917	0.00942323725153759	0	0.00139399085289409
1.6.99.5|Transferred entry	0.966255820545439	0.0217934553647464	0.0104728596913261	6.37082847266023e-14	0.00147786439842498
1.7.1.13|PreQ(1) synthase	0.841659979155573	0.130532199570189	0.00773516735475304	0.0199145978951516	0.000158056024332762
1.7.1.7|GMP reductase	0.560237617124491	0.402605127324852	0.0368526437845704	0	0.00030461176608647
1.7.2.2|Nitrite reductase (cytochrome; ammonia-forming)	0.861736940812973	0.136998291204711	0.000741471105569873	7.04104566358192e-13	0.000523296876041479
1.7.2.3|Trimethylamine-N-oxide reductase (cytochrome c)	0.989283142794782	0.00825229696674378	0.0024643892002884	0	1.71038185715549e-07
1.7.99.1|Hydroxylamine reductase	0.536036795401465	0.461014945503692	0.000194819945396135	1.90981027615285e-15	0.0027534391494448
1.7.99.4|Nitrate reductase	0.351358668750982	0.63805209337468	0.00983273975636652	1.03719315116534e-16	0.000756498117970646
1.8.1.14|CoA-disulfide reductase	0.736604476539506	0.180787100368254	0.0134342423498591	0.051164836973535	0.0180093437688464
1.8.1.2|Assimilatory sulfite reductase (NADPH)	0.93225813229951	0.036062724942999	0.00241628126048447	0.023533413902179	0.00572944759482737
1.8.1.4|Dihydrolipoyl dehydrogenase	0.987717015286955	0.00350542235653737	0.00682443523908723	8.43441930070367e-09	0.0019531186830016
1.8.1.7|Glutathione-disulfide reductase	0.590443797594741	0.37930741120611	0.0301105033948934	1.2003520076253e-13	0.00013828780413607
1.8.1.8|Protein-disulfide reductase	0.983520421301947	0	0.0115216086955087	0	0.0049579700025443
1.8.1.9|Thioredoxin-disulfide reductase	0.494512513356758	0.495410871457836	0.00895711172847893	5.91592189152756e-15	0.00111950345692141
1.8.2.3|Sulfide-cytochrome-c reductase (flavocytochrome c)	0.58735549107542	0.353726895511113	0.00186638004755442	2.78551124821154e-13	0.0570512333656342
1.8.4.11|Peptide-methionine (S)-S-oxide reductase	0.629598271598433	0.357776413240075	0.0125383437454347	0	8.69714160567203e-05
1.8.4.12|Peptide-methionine (R)-S-oxide reductase	0.575969855459045	0.409903585814869	0.0115797369412276	0.00219709631402982	0.000349725470828424
1.8.4.14|L-methionine (R)-S-oxide reductase	0.788118947507054	0.124839757221671	0.00947297067516333	6.33074881025284e-11	0.0775683245328044
1.8.4.2|Protein-disulfide reductase (glutathione)	0.99658890271743	0	0.00259734479117749	0	0.00081375249139199
1.8.4.8|Phosphoadenylyl-sulfate reductase (thioredoxin)	0.909043603635428	0.0623808580174149	0.0177200966455137	2.75154214105974e-09	0.0108554389501012
1.8.5.3|Dimethylsulfoxide reductase	0.511067058708493	0.479885394922809	0.00867864950898728	0	0.000368896859710625
1.8.98.1|CoB--CoM heterodisulfide reductase	0.935980285958624	0	0.0587467439594162	0	0.00527297008196022
1.8.99.1|Deleted entry	0.957160481438011	0	0.0404607169675735	0	0.00237880159441501
1.8.99.2|Adenylyl-sulfate reductase	0.985876598701788	0	0.00137371678478986	0	0.0127496845134224
1.8.99.3|Hydrogensulfite reductase	0.87420861815688	0.11148210702065	0.0112676066002261	4.51098259818184e-13	0.0030416682217922
1.8.99.5|Dissimilatory sulfite reductase	0.974011951821868	9.43125295460785e-14	0.0140941879555169	0.0111126680401924	0.000781192182328979
1.9.3.1|Cytochrome-c oxidase	0.55634512006315	0.433042670960861	0.00885899948569057	1.00265556539622e-14	0.00175320949028805
1.9.6.1|Nitrate reductase (cytochrome)	0.749221768371147	0.196884724099919	0.0393137581758899	0	0.014579749353044
1.97.1.4|[Formate-C-acetyltransferase]-activating enzyme	0.322352069274923	0.672603807937292	0.000653035296355056	0.00348300190418062	0.00090808558724956
2.1.1.10|Homocysteine S-methyltransferase	0.926030131370212	0.073134516319813	0.000279938788090047	1.13301370930523e-13	0.000555413521771918
2.1.1.104|Caffeoyl-CoA O-methyltransferase	0.860444541864304	0.0803184495482506	0.0592359040222793	2.47917824191983e-13	1.10456491809786e-06
2.1.1.107|Uroporphyrinogen-III C-methyltransferase	0.85712841892686	0.134000369466201	0.0080946776062027	0	0.0007765340007355
2.1.1.11|Magnesium protoporphyrin IX methyltransferase	0.77683194801812	0.204807364643161	0.00251949946552315	8.49575198747338e-11	0.0158411877882381
2.1.1.13|Methionine synthase	0.998502017047623	0	0.00145873062654846	0	3.92523258285083e-05
2.1.1.130|Precorrin-2 C(20)-methyltransferase	0.848954576963069	0.0444105515284417	1.05398682752187e-05	0.0805328841569412	0.0260914474832731
2.1.1.131|Precorrin-3B C(17)-methyltransferase	0.961969492240689	0.0338060592848144	0.00100504273023762	0	0.00321940574425912
2.1.1.132|Precorrin-6B C(5,15)-methyltransferase (decarboxylating)	0.537511763198078	0.456479228167575	0.000304022066288895	0.00239797869798855	0.00330700787006946
2.1.1.133|Precorrin-4 C(11)-methyltransferase	0.937710839098016	0.00438175025401188	0.0399861691929701	1.66955211187067e-16	0.017921241455002
2.1.1.14|5-methyltetrahydropteroyltriglutamate--homocysteine S-methyltransferase	0.554671184607616	0.41356108240632	0.0308809864926436	3.32600286175516e-12	0.000886746490095404
2.1.1.144|Trans-aconitate 2-methyltransferase	0.855916396376991	0.0974887255257037	0.0463644112927572	7.2482560419822e-17	0.000230466804548123
2.1.1.148|Thymidylate synthase (FAD)	0.649062788909525	0.348401467632195	0.0013628633085231	1.45923251337546e-11	0.00117288013516428
2.1.1.156|Glycine/sarcosine N-methyltransferase	0.62947030006235	0.342142166539811	0.0101109062304575	0.0127889941435632	0.00548763302381825
2.1.1.163|Demethylmenaquinone methyltransferase	0.846407160688065	0.122772367754239	0.024099908601588	1.07156485005596e-15	0.00672056295610762
2.1.1.166|23S rRNA (uridine(2552)-2-O)-methyltransferase	0.758262832882634	0.203864363490052	0.0364713200641809	0	0.00140148356313312
2.1.1.170|16S rRNA (guanine(527)-N(7))-methyltransferase	0.619501757244894	0.329541527040197	0.0462892629287328	0	0.00466745278617626
2.1.1.171|16S rRNA (guanine(966)-N(2))-methyltransferase	0.902786143385498	1.83362526537811e-12	0.00450752838790063	0.0923788507256951	0.000327477499072194
2.1.1.172|16S rRNA (guanine(1207)-N(2))-methyltransferase	0.654747622334086	0.182423888964791	0.00280435754099648	0.125306776530814	0.0347173546293124
2.1.1.173|23S rRNA (guanine(2445)-N(2))-methyltransferase	0.715252965768682	0.197510204924662	0.00319780567840119	0.081011252882949	0.00302777074530558
2.1.1.176|16S rRNA (cytosine(967)-C(5))-methyltransferase	0.378240925267422	0.610435433633194	0.0110751468675222	0	0.000248494231861948
2.1.1.177|23S rRNA (pseudouridine(1915)-N(3))-methyltransferase	0.435200629443806	0.552311692488264	0.0111808534671677	6.78261264118053e-19	0.00130682460076203
2.1.1.178|16S rRNA (cytosine(1407)-C(5))-methyltransferase	0.75403861862087	0.125228800297573	0.0100067891814159	0.107937741225058	0.00278805067508193
2.1.1.181|23S rRNA (adenine(1618)-N(6))-methyltransferase	0.971770283899549	0	0.0191856475285651	0	0.00904406857188581
2.1.1.182|16S rRNA (adenine(1518)-N(6)/adenine(1519)-N(6))-dimethyltransferase	0.552876823406557	0.412705668001554	0.0330315327916527	8.39440490100285e-15	0.00138597580022798
2.1.1.185|23S rRNA (guanosine(2251)-2-O)-methyltransferase	0.741667490250357	0.237892570223166	0.0203751418491787	1.35641797662172e-13	6.47976771619386e-05
2.1.1.187|23S rRNA (guanine(745)-N(1))-methyltransferase	0.987933711090223	0	0.0113107537517537	0	0.000755535158023313
2.1.1.189|23S rRNA (uracil(747)-C(5))-methyltransferase	0.576119362952113	0.307864882678297	0.00550918298660853	0.0767906417291449	0.0337159296538361
2.1.1.190|23S rRNA (uracil(1939)-C(5))-methyltransferase	0.643048140458352	0.355864365542474	0.000372356727613525	0	0.000715137271560742
2.1.1.191|23S rRNA (cytosine(1962)-C(5))-methyltransferase	0.829748729607488	0.138829330751622	0.0313999379151189	0	2.20017257703979e-05
2.1.1.192|23S rRNA (adenine(2503)-C(2))-methyltransferase	0.772940380853389	0.224234975435856	0.0021394131110652	0	0.000685230599690206
2.1.1.193|16S rRNA (uracil(1498)-N(3))-methyltransferase	0.593218044760869	0.402292344901992	0.00392387469101988	0	0.000565735646118718
2.1.1.195|Cobalt-precorrin-5B (C(1))-methyltransferase	0.837590744761254	0.146562355618145	0.0155891224354031	0	0.000257777185198106
2.1.1.197|Malonyl-[acyl-carrier protein] O-methyltransferase	0.749524625429277	0.223344663205307	0.0270267428915957	2.13510339334467e-15	0.000103968473817758
2.1.1.198|16S rRNA (cytidine(1402)-2-O)-methyltransferase	0.56109230665645	0.433355864348286	0.0045997142859676	5.54948806412062e-15	0.000952114709290292
2.1.1.199|16S rRNA (cytosine(1402)-N(4))-methyltransferase	0.430629819907772	0.564076562170405	0.00527325924074093	9.27891997060463e-13	2.03586801538983e-05
2.1.1.201|2-methoxy-6-polyprenyl-1,4-benzoquinol methylase	0.599273378600932	0.368228402462982	0.0139264912679114	0.00816940281564524	0.0104023248525292
2.1.1.207|tRNA (cytidine(34)-2-O)-methyltransferase	0.427466171979137	0.567885336266492	0.00458982989942067	0	5.8661854949846e-05
2.1.1.208|23S rRNA (uridine(2479)-2-O)-methyltransferase	0.803707378478946	0.173816499445707	0.0221786956608666	0	0.000297426414480308
2.1.1.220|tRNA (adenine(58)-N(1))-methyltransferase	0.735661278680801	0.207134675885563	0.0533046661961598	6.66872275128226e-12	0.00389937923080765
2.1.1.223|tRNA(1)(Val) (adenine(37)-N(6))-methyltransferase	0.875667005664982	0.11830626927964	0.00602263684920404	1.70044725501296e-12	4.08820447353786e-06
2.1.1.226|23S rRNA (cytidine(1920)-2-O)-methyltransferase	0.549439088177651	0.436798146834687	0.0137544704105209	1.00716594751008e-19	8.29457714156911e-06
2.1.1.228|tRNA (guanine(37)-N(1))-methyltransferase	0.905281857553078	0.04786158533094	0.0242692724930422	0.0211413181544313	0.00144596646850869
2.1.1.264|23S rRNA (guanine(2069)-N(7))-methyltransferase	0.290614204376287	0.703616151849308	0.00242060915616423	0.00334008707250988	8.94754573086422e-06
2.1.1.297|Peptide chain release factor N(5)-glutamine methyltransferase	0.372903717291459	0.626332817203386	0.000133773791622627	0	0.000629691713532094
2.1.1.33|tRNA (guanine(46)-N(7))-methyltransferase	0.492805625698741	0.490552913410962	0.013866998028838	2.43908710164851e-14	0.00277446286143476
2.1.1.34|tRNA (guanosine(18)-2-O)-methyltransferase	0.928258799307677	0.0582877848792392	0.00474641577387996	4.0665026549154e-11	0.00870699999853847
2.1.1.35|tRNA (uracil(54)-C(5))-methyltransferase	0.495082145102301	0.501428668128322	0.00343203657620678	0	5.71501931696168e-05
2.1.1.37|DNA (cytosine-5-)-methyltransferase	0.9695147892136	0	0.0240616955769451	0	0.00642351520945498
2.1.1.43|Histone-lysine N-methyltransferase	0.987072129895702	1.52869971696831e-10	0.00669727419099395	0.00491394651951906	0.00131664924091504
2.1.1.45|Thymidylate synthase	0.921297477456215	0.0750933104489817	0.00345937512963732	4.85199356616309e-09	0.000149832113172786
2.1.1.61|tRNA (5-methylaminomethyl-2-thiouridylate)-methyltransferase	0.595888323318653	0.377565696091415	0.0232554874950937	0	0.00329049309483845
2.1.1.63|Methylated-DNA--[protein]-cysteine S-methyltransferase	0.449505866294648	0.520904755282832	0.0286979627010187	1.89618401945497e-15	0.000891415721499914
2.1.1.64|3-demethylubiquinol 3-O-methyltransferase	0.659255355168613	0.168386192739302	0.00775869250525375	0.114031867143158	0.0505678924436737
2.1.1.72|Site-specific DNA-methyltransferase (adenine-specific)	0.670162645848493	0.281034968717657	0.0471549077411783	4.58586382363793e-14	0.00164747769262615
2.1.1.74|(FADH(2)-oxidizing)	0.509776316892257	0.465338751950104	0.00379662702379568	0.0209633924528382	0.000124911681004998
2.1.1.77|Protein-L-isoaspartate(D-aspartate) O-methyltransferase	0.581172774718466	0.413826388354556	0.00466321916463754	0	0.000337617762340316
2.1.1.79|Cyclopropane-fatty-acyl-phospholipid synthase	0.397586975521173	0.5923605069889	0.0088020216223515	3.27603466493026e-16	0.00125049586757493
2.1.1.80|Protein-glutamate O-methyltransferase	0.529014894781893	0.459428382191065	0.0112476031523809	4.0328052067834e-13	0.000309119874258013
2.1.2.1|Glycine hydroxymethyltransferase	0.831472530142868	0.152524042526989	0.0031643643661186	0	0.0128390629640245
2.1.2.10|Aminomethyltransferase	0.992499093780599	0	0.0028370448640542	0	0.00466386135534671
2.1.2.11|3-methyl-2-oxobutanoate hydroxymethyltransferase	0.954868898607124	0.0445962410744582	0.000506663276518992	0	2.81970418990886e-05
2.1.2.2|Phosphoribosylglycinamide formyltransferase	0.406438581578531	0.589269552461585	0.000130004364673351	0.00113463902082971	0.0030272225743814
2.1.2.3|Phosphoribosylaminoimidazolecarboxamide formyltransferase	0.912089380609801	0.0736558980275541	0.00178353346123631	6.40271552327658e-19	0.0124711879014085
2.1.2.5|Glutamate formimidoyltransferase	0.964694656691909	0	0.0112086468717236	0.0231443137531775	0.00095238268319001
2.1.2.9|Methionyl-tRNA formyltransferase	0.598751549193522	0.387970914644423	0.00669455258103536	2.94243331466406e-16	0.00658298358101918
2.1.3.1|Methylmalonyl-CoA carboxytransferase	0.9909261631608	0	0.00805974140589588	0	0.00101409543330452
2.1.3.2|Aspartate carbamoyltransferase	0.52156557614313	0.462316388658992	0.00535592270328745	0.00143466068133436	0.00932745181325627
2.1.3.3|Ornithine carbamoyltransferase	0.497068233844827	0.462819648663482	0.00610437257535443	0.0324641922297759	0.00154355268656
2.1.3.6|Putrescine carbamoyltransferase	0.550932494584916	0.396873760827586	0.0157496462916354	0.017875598834073	0.01856849946179
2.1.3.9|N-acetylornithine carbamoyltransferase	0.667074475719001	0.312464821165661	0.000106930006258379	0.0194162430335727	0.000937530075506471
