Residuals	timepoint	number_of_pups_scaled	genotype	lipocalin2_pg_ml_scaled
GO:0000015|[CC] phosphopyruvate hydratase complex	0.972413049417256	0	0.0267123119981896	0	0.000874638584554749
GO:0000027|[BP] ribosomal large subunit assembly	0.669086300015201	0.328374718888711	0.000486321509242471	0	0.00205265958684548
GO:0000030|[MF] mannosyltransferase activity	0.990228426224855	0	0.00427129682891707	0	0.00550027694622793
GO:0000034|[MF] adenine deaminase activity	0.514361079335865	0.475710968994878	0.00306706748211696	0	0.00686088418714007
GO:0000036|[MF] ACP phosphopantetheine attachment site binding involved in fatty acid biosynthetic process	0.808616639646308	0.184330173804526	0.00534421631186292	0	0.00170897023730309
GO:0000041|[BP] transition metal ion transport	0.640952058728472	0.347563466632123	0.00442801695785396	2.00722633306854e-11	0.00705645766147866
GO:0000049|[MF] tRNA binding	0.465228103738936	0.53013969484336	0.00402144693630358	0	0.000610754481399865
GO:0000103|[BP] sulfate assimilation	0.479127049228074	0.507515392326908	0.00559254892864782	0	0.0077650095163708
GO:0000104|[MF] succinate dehydrogenase activity	0.812825495506066	0.169654116137598	0.00187662700747283	1.32977556846695e-11	0.0156437613355647
GO:0000105|[BP] histidine biosynthetic process	0.648172520583869	0.337364985188769	0.0105472876116923	0.00307111309952908	0.000844093516140989
GO:0000107|[MF] imidazoleglycerol-phosphate synthase activity	0.624494644920045	0.353964561057377	0.00962148118081704	0.0117626164256079	0.00015669641615374
GO:0000122|[BP] negative regulation of transcription from RNA polymerase II promoter	0.969045729760198	1.18839653384282e-18	0.0204827216599362	0.00728890447145166	0.00318264410841425
GO:0000150|[MF] recombinase activity	0.721587994254232	0.267286369369934	0.00533879949253233	0.00573385684841241	5.29800348895756e-05
GO:0000155|[MF] phosphorelay sensor kinase activity	0.692238360376529	0.281928180924502	0.00719753219073406	0.0180345826396832	0.000601343868552745
GO:0000156|[MF] phosphorelay response regulator activity	0.754370989290928	0.241626602221895	0.00279421381640017	6.01821585590246e-11	0.00120819461059434
GO:0000159|[CC] protein phosphatase type 2A complex	0.984343313127745	0	0.00017865065792305	0	0.0154780362143315
GO:0000160|[BP] phosphorelay signal transduction system	0.69529338158714	0.277171021573893	0.00686487473095393	0.0201453612608907	0.000525360847122859
GO:0000162|[BP] tryptophan biosynthetic process	0.744095440675316	0.244680105458755	0.0103392803390057	2.91498240528862e-20	0.000885173526923226
GO:0000166|[MF] nucleotide binding	0.57798485513347	0.393561550978272	0.0066681778768549	0.0214832608034354	0.000302155207968042
GO:0000175|[MF] 3-5-exoribonuclease activity	0.944076475053295	0.0361387474953237	0.010795975056788	2.24478957510086e-15	0.00898880239459088
GO:0000179|[MF] rRNA (adenine-N6,N6-)-dimethyltransferase activity	0.513085956639872	0.470266416482881	0.016282489058006	0.00028257612788815	8.25616913537113e-05
GO:0000184|[BP] nuclear-transcribed mRNA catabolic process, nonsense-mediated decay	0.997483503835048	0	0.000675263859153863	0	0.00184123230579844
GO:0000226|[BP] microtubule cytoskeleton organization	0.991510925934421	0	0.000142415396219164	0	0.00834665866935978
GO:0000256|[BP] allantoin catabolic process	0.658551367064227	0.330577531466834	0.000297134513199982	1.98735784661922e-10	0.0105739667570027
GO:0000270|[BP] peptidoglycan metabolic process	0.529813874021985	0.450408322337903	0.0176536384750108	1.45351224535033e-13	0.00212416516495569
GO:0000271|[BP] polysaccharide biosynthetic process	0.498626939958457	0.499354543193215	0.00160577465412035	3.70031806742915e-15	0.000412742194204
GO:0000272|[BP] polysaccharide catabolic process	0.675346492413027	0.29002852076965	0.0335871734383592	4.40660719331536e-12	0.00103781337455746
GO:0000276|[CC] mitochondrial proton-transporting ATP synthase complex, coupling factor F(o)	0.978891669175003	0.0157507801673006	0.00184640097120834	0	0.00351114968648793
GO:0000278|[BP] mitotic cell cycle	0.972629128319404	0.00524225342990846	0.011156492486441	0	0.0109721257642461
GO:0000286|[MF] alanine dehydrogenase activity	0.465994883859077	0.533915802590322	4.39057510395477e-05	4.80706356600801e-20	4.54077995615946e-05
GO:0000287|[MF] magnesium ion binding	0.462149751830905	0.536323041490708	3.60508489076954e-05	0.0014329764011709	5.81794283078418e-05
GO:0000310|[MF] xanthine phosphoribosyltransferase activity	0.417987862009422	0.579370444521714	0.000229902619879096	5.86167856590783e-05	0.00235317406332547
GO:0000387|[BP] spliceosomal snRNP assembly	0.989629666025157	0.00455519260322608	0.000564063443528557	5.11553554676318e-14	0.00525107792803696
GO:0000398|[BP] mRNA splicing, via spliceosome	0.986780026606038	0	0.00106426103905544	0	0.0121557123549062
GO:0000453|[BP] enzyme-directed rRNA 2-O-methylation	0.423632368480505	0.571485707026689	0.00105759606588427	0.00341688399614237	0.000407444430780163
GO:0000462|[BP] maturation of SSU-rRNA from tricistronic rRNA transcript (SSU-rRNA, 5.8S rRNA, LSU-rRNA)	0.993592984102572	0	4.19532012494114e-05	0	0.00636506269617885
GO:0000716|[BP] transcription-coupled nucleotide-excision repair, DNA damage recognition	0.514222803899851	0.481007686981442	0.00224589577219522	0.00232930338148832	0.000194309965024031
GO:0000723|[BP] telomere maintenance	0.70840706576235	0.188551233611634	0.0175084800771829	0.0834165749675689	0.00211664558126428
GO:0000724|[BP] double-strand break repair via homologous recombination	0.383948479151596	0.592618406206547	0.0231714514799149	0	0.000261663161941405
GO:0000737|[BP] DNA catabolic process, endonucleolytic	0.934179268951962	0.0499986848203657	0.0112696915354343	3.87506200382096e-13	0.00455235469185095
GO:0000746|[BP] conjugation	0.745928258537874	0.175774049170422	0.0664598520839604	2.59509699060846e-13	0.0118378402074835
GO:0000774|[MF] adenyl-nucleotide exchange factor activity	0.477590186419436	0.499995536935664	0.000137184528952891	0.0214014152677264	0.00087567684822055
GO:0000776|[CC] kinetochore	0.92236028035138	0	0.0775619209336081	0	7.77987150120811e-05
GO:0000786|[CC] nucleosome	0.727701834551192	0.202900664847215	0.0288256604737058	0.0289439709632962	0.0116278691645916
GO:0000790|[CC] nuclear chromatin	0.996255594724946	0	0.00280269626601434	0	0.000941709009040054
GO:0000793|[CC] condensed chromosome	0.99322769771286	0	0.00427302421695289	0	0.00249927807018713
GO:0000902|[BP] cell morphogenesis	0.526240358283785	0.473140590773486	0.000468981241501068	0	0.000150069701227491
GO:0000906|[MF] 6,7-dimethyl-8-ribityllumazine synthase activity	0.715119114491484	0.261244142171449	0.0107637654443516	1.65487147478915e-11	0.0128729778761662
GO:0000917|[BP] barrier septum assembly	0.586045085236415	0.412949753781371	0.000959308618584109	1.29694473827011e-12	4.58523623325512e-05
GO:0000918|[BP] barrier septum site selection	0.627694354811731	0.371445635540641	2.36877723980863e-10	0	0.000860009410750248
GO:0000921|[BP] septin ring assembly	0.750177570717774	0.231633189961279	0.0138554151105527	0	0.00433382421039402
GO:0000967|[BP] rRNA 5-end processing	0.433506250485801	0.541957663160659	0.024393327182614	2.09552824623843e-15	0.000142759170923087
GO:0000977|[MF] RNA polymerase II regulatory region sequence-specific DNA binding	0.977287724434229	1.21397506556621e-16	0.000789276440568393	0.0143215132536547	0.00760148587154744
GO:0000978|[MF] RNA polymerase II core promoter proximal region sequence-specific DNA binding	0.931855009410178	0	0.0512820651728977	0	0.0168629254169241
GO:0000981|[MF] RNA polymerase II transcription factor activity, sequence-specific DNA binding	0.960804303387867	0	0.00900128613985215	0	0.0301944104722807
GO:0000986|[MF] bacterial-type RNA polymerase core promoter proximal region sequence-specific DNA binding	0.685169529763952	0.300468781170924	0.000598312664745014	0.0122050702061484	0.00155830619423049
GO:0001077|[MF] transcriptional activator activity, RNA polymerase II core promoter proximal region sequence-specific binding	0.949071578081283	0	0.0506715943811912	0	0.000256827537525763
GO:0001123|[BP] transcription initiation from bacterial-type RNA polymerase promoter	0.736534258034412	0.236141503325088	0.0272925865800292	2.48045200449047e-14	3.16520604468882e-05
GO:0001407|[BP] glycerophosphodiester transport	0.763187547995713	0.219935892601062	0.0168761457987304	7.55183951348899e-12	4.13596942769165e-07
GO:0001514|[BP] selenocysteine incorporation	0.577645871873465	0.409078424982041	0.0132537182435733	3.70954349072235e-10	2.19845299666948e-05
GO:0001522|[BP] pseudouridine synthesis	0.591949782448146	0.379996798298536	0.0104489954902898	0.0176023863847042	2.03737832361979e-06
GO:0001530|[MF] lipopolysaccharide binding	0.558591335035612	0.428652969849082	0.00799036020531974	0	0.00476533490998585
GO:0001666|[BP] response to hypoxia	0.989293606960355	0	0.00412986271382697	0	0.00657653032581827
GO:0001680|[BP] tRNA 3-terminal CCA addition	0.405967259520552	0.590307009737889	0.00200156016528409	0.000443959807198352	0.00128021076907713
GO:0001682|[BP] tRNA 5-leader removal	0.43670000136015	0.539009455666951	0.0228227351639174	2.31300893362433e-14	0.00146780780895798
GO:0001701|[BP] in utero embryonic development	0.993594487147388	0	0.00356055168262397	0	0.00284496116998787
GO:0001726|[CC] ruffle	0.964510356675699	0.0191053488339958	0.0113270238480728	3.77094130821565e-14	0.00505727064219428
GO:0002098|[BP] tRNA wobble uridine modification	0.533461997403345	0.46537854087073	0.000790546239451435	2.81884790938325e-10	0.000368915204588039
GO:0002100|[BP] tRNA wobble adenosine to inosine editing	0.609910058749162	0.355754527345158	0.00157837426582921	0.032376092943602	0.000380946696248663
GO:0002161|[MF] aminoacyl-tRNA editing activity	0.442421047407546	0.555006534208417	0.00253348001390044	1.59450093526595e-13	3.89383699766007e-05
GO:0002181|[BP] cytoplasmic translation	0.999101067551249	0	9.66757381399337e-06	0	0.000889264874936624
GO:0002218|[BP] activation of innate immune response	0.99322769771286	0	0.00427302421695289	0	0.00249927807018713
GO:0002244|[BP] hematopoietic progenitor cell differentiation	0.995302315791345	0	0.00171231257859085	0	0.0029853716300646
GO:0002281|[BP] macrophage activation involved in immune response	0.992798892554505	0	0.00432012458072684	0	0.00288098286476753
GO:0002935|[MF] tRNA (adenine-C2-)-methyltransferase activity	0.745278466181454	0.246314108360848	0.00426315450572088	0.00200074112907971	0.00214352982289738
GO:0002949|[BP] tRNA threonylcarbamoyladenosine modification	0.581664085948784	0.414753363945481	0.00286244234696244	0	0.000720107758773138
GO:0003676|[MF] nucleic acid binding	0.478988378488338	0.519989409803563	0.000646420473072931	9.79356503588765e-16	0.000375791235024258
GO:0003677|[MF] DNA binding	0.647770649118927	0.330279563463884	0.00120428633170934	0.0206567160626477	8.878502283111e-05
GO:0003678|[MF] DNA helicase activity	0.442314457344031	0.553431950788258	0.00202420752877608	0	0.00222938433893504
GO:0003682|[MF] chromatin binding	0.926365227385684	0.0585245966117968	0.000453026785174178	0	0.0146571492173452
GO:0003684|[MF] damaged DNA binding	0.590100959527686	0.407303718690003	0.000200056287305168	6.37719972234366e-12	0.00239526548862781
GO:0003688|[MF] DNA replication origin binding	0.530790566274548	0.462619025211781	0.00658705031900786	0	3.35819466352226e-06
GO:0003690|[MF] double-stranded DNA binding	0.356136874481031	0.628817109605212	0.0150434523138916	1.11052651272921e-16	2.56359986473146e-06
GO:0003697|[MF] single-stranded DNA binding	0.479633959477792	0.513876447265382	0.00537347167714493	3.76115309351525e-15	0.00111612157967814
GO:0003700|[MF] transcription factor activity, sequence-specific DNA binding	0.635310606417152	0.346940803640043	0.00219088412321267	0.0154614211536558	9.62846659359499e-05
GO:0003712|[MF] transcription cofactor activity	0.593592356887939	0.390861869469649	0.00154087244059959	0.00984005211095824	0.00416484909085406
GO:0003713|[MF] transcription coactivator activity	0.840221957751583	0.142935366040174	0.0120111933440826	0.00466068560662445	0.000170797257536826
GO:0003723|[MF] RNA binding	0.530985673893171	0.452264113287446	0.00358690981682875	0.0130006197180009	0.000162683284553214
GO:0003724|[MF] RNA helicase activity	0.699368546950604	0.297085240245346	0.00354549237938437	0	7.20424666284213e-07
GO:0003725|[MF] double-stranded RNA binding	0.554596219735836	0.440212504065976	0.00397649981668214	0	0.00121477638150627
GO:0003726|[MF] double-stranded RNA adenosine deaminase activity	0.331927837224276	0.660339027050356	0.00659271243281538	0	0.00114042329255237
GO:0003727|[MF] single-stranded RNA binding	0.993501149123477	0	0.00376560742681876	0	0.00273324344970407
GO:0003729|[MF] mRNA binding	0.557630355268023	0.441307752012932	0.000191793244734051	1.43025852847638e-14	0.00087009947429689
GO:0003735|[MF] structural constituent of ribosome	0.583690185581033	0.399238678867296	0.0165621561269989	0	0.000508979424671172
GO:0003743|[MF] translation initiation factor activity	0.536911020801839	0.460789859699448	8.7413647368855e-05	1.11068153267767e-12	0.00221170585023347
GO:0003746|[MF] translation elongation factor activity	0.972992275875539	0.0183347281353265	0.00752947170374694	1.53673007290703e-12	0.00114352428385055
GO:0003747|[MF] translation release factor activity	0.913104076129463	0.0161337413101765	0.0707065420064555	1.86878980454946e-18	5.56405539048311e-05
GO:0003755|[MF] peptidyl-prolyl cis-trans isomerase activity	0.498790547037807	0.500925480301186	0.000283525765265503	4.33180258611257e-12	4.468914099139e-07
GO:0003774|[MF] motor activity	0.669055919406925	0.314421199703728	0.0101340059972793	0.00625704429373082	0.000131830598337042
GO:0003796|[MF] lysozyme activity	0.680242340524665	0.271200281768051	0.0456558876865625	5.31663146890113e-16	0.00290149002072077
GO:0003824|[MF] catalytic activity	0.658442258463422	0.323955134132922	0.00550184038762483	0.0120249056436601	7.5861372370636e-05
GO:0003830|[MF] beta-1,4-mannosylglycoprotein 4-beta-N-acetylglucosaminyltransferase activity	0.853050419920539	0.143009186027161	0.00255547264103238	0	0.00138492141126835
GO:0003839|[MF] gamma-glutamylcyclotransferase activity	0.740716491814943	0.239273211244138	0.00572424313782615	0.0138057223867282	0.000480331416364591
GO:0003840|[MF] gamma-glutamyltransferase activity	0.851451583579368	0.125239536252682	0.00769742320012664	0	0.0156114569678231
GO:0003841|[MF] 1-acylglycerol-3-phosphate O-acyltransferase activity	0.625268987234039	0.340769891798148	0.000489815491233379	0.0334712988180188	6.65856126426736e-09
GO:0003842|[MF] 1-pyrroline-5-carboxylate dehydrogenase activity	0.447805820266509	0.538456189750082	0.0128468370330955	7.9518956203551e-14	0.000891152950234034
GO:0003844|[MF] 1,4-alpha-glucan branching enzyme activity	0.56165270750944	0.356624478877313	0.00104589081938242	0.0730220351159186	0.00765488767794589
GO:0003847|[MF] 1-alkyl-2-acetylglycerophosphocholine esterase activity	0.959866193270405	0	0.0300889987566625	0	0.010044807972932
GO:0003848|[MF] 2-amino-4-hydroxy-6-hydroxymethyldihydropteridine diphosphokinase activity	0.736944485965718	0.196738613273308	0.0435971672555437	0.00234267857134653	0.0203770549340835
GO:0003849|[MF] 3-deoxy-7-phosphoheptulonate synthase activity	0.52155307946031	0.42399134223263	3.13500477290947e-06	0.0544163258970846	3.61174052017902e-05
GO:0003852|[MF] 2-isopropylmalate synthase activity	0.688372326672217	0.304245602696405	0.005334453058938	0	0.00204761757244006
GO:0003855|[MF] 3-dehydroquinate dehydratase activity	0.677050583307366	0.296703975914717	0.0138690563630448	0.0111880801610943	0.00118830425377791
GO:0003856|[MF] 3-dehydroquinate synthase activity	0.699193219066854	0.281670807610589	0.0143765919712961	0	0.00475938135126092
GO:0003857|[MF] 3-hydroxyacyl-CoA dehydrogenase activity	0.748613616247446	0.242205013977168	0.000912618033808522	0.00529381556075397	0.00297493618082317
GO:0003858|[MF] 3-hydroxybutyrate dehydrogenase activity	0.873970758721183	0.055672607458819	0.00194149470077116	0	0.0684151391192273
GO:0003861|[MF] 3-isopropylmalate dehydratase activity	0.690398205900361	0.302347879437886	0.0071096903943476	0	0.000144224267405169
GO:0003862|[MF] 3-isopropylmalate dehydrogenase activity	0.62311655315194	0.353459009614992	0.0122889369794264	0.0100936486153663	0.00104185163827579
GO:0003863|[MF] 3-methyl-2-oxobutanoate dehydrogenase (2-methylpropanoyl-transferring) activity	0.948056853710804	0.0155271035423321	0.0364135767434931	0	2.46600337064745e-06
GO:0003864|[MF] 3-methyl-2-oxobutanoate hydroxymethyltransferase activity	0.575066780767869	0.343958904587382	0.0610018993837221	0.0172768848453213	0.0026955304157057
GO:0003865|[MF] 3-oxo-5-alpha-steroid 4-dehydrogenase activity	0.858424784426833	0.14122447738184	0.000240376188920616	6.76524677281945e-15	0.000110362002399344
GO:0003866|[MF] 3-phosphoshikimate 1-carboxyvinyltransferase activity	0.626530736505711	0.350462571472452	0.0153311579511064	0.00706224099184159	0.000613293078889196
GO:0003871|[MF] 5-methyltetrahydropteroyltriglutamate-homocysteine S-methyltransferase activity	0.742162394700817	0.19715502298737	0.0565258045690431	2.04429603029528e-13	0.00415677774256583
GO:0003872|[MF] 6-phosphofructokinase activity	0.781273456275406	0.213811698507486	0.00472435726408002	2.45749380774637e-13	0.000190487952781508
GO:0003874|[MF] 6-pyruvoyltetrahydropterin synthase activity	0.998835572286763	0	0.000996679511138317	0	0.000167748202098606
GO:0003879|[MF] ATP phosphoribosyltransferase activity	0.642989609649449	0.313308728679878	0.0236007367354867	0.0189150952303562	0.00118582970483029
GO:0003883|[MF] CTP synthase activity	0.618706159302773	0.373897290083745	0.00520920205081273	1.42877127172359e-11	0.00218734854838172
GO:0003886|[MF] DNA (cytosine-5-)-methyltransferase activity	0.844331964168897	0.0830686838228542	0.0723326843709827	0	0.000266667637266382
GO:0003887|[MF] DNA-directed DNA polymerase activity	0.603864138365808	0.377347197489899	8.12772806752605e-05	0.0179039518469394	0.000803435016677928
GO:0003896|[MF] DNA primase activity	0.67290487197403	0.28858899376626	0.000706481416381124	0.0354454328373849	0.00235422000594406
GO:0003899|[MF] DNA-directed RNA polymerase activity	0.553803816899753	0.433601366312366	0.0125902048976973	1.81727720249206e-13	4.61189000116813e-06
GO:0003905|[MF] alkylbase DNA N-glycosylase activity	0.640314074637965	0.353526804376649	0.00613027303423008	2.78263472151927e-13	2.88479508775872e-05
GO:0003906|[MF] DNA-(apurinic or apyrimidinic site) lyase activity	0.521652101799631	0.436785554872932	0.0121434538699903	0.0291774025086053	0.000241486948841069
GO:0003908|[MF] methylated-DNA-[protein]-cysteine S-methyltransferase activity	0.541182288170901	0.43691134052106	0.0217761195824719	8.37364495473765e-14	0.000130251725483333
GO:0003910|[MF] DNA ligase (ATP) activity	0.931572874337833	0	0.0298718678952905	0	0.0385552577668768
GO:0003911|[MF] DNA ligase (NAD+) activity	0.58416154718341	0.382402355956133	2.21166829437226e-06	0.0263890244007125	0.00704486079144998
GO:0003916|[MF] DNA topoisomerase activity	0.741785550037936	0.25438439361494	0.0018843196184737	0	0.00194573672865056
GO:0003917|[MF] DNA topoisomerase type I activity	0.697655708264445	0.284572671388613	0.00737861872149227	0.0103505666317592	4.24349936899541e-05
GO:0003918|[MF] DNA topoisomerase type II (ATP-hydrolyzing) activity	0.627983985412146	0.342086670900625	0.00372089736909853	0.0168647673222482	0.0093436789958822
GO:0003919|[MF] FMN adenylyltransferase activity	0.618697030659509	0.366779805144712	0.00307960127257971	0.0095076354921445	0.00193592743105443
GO:0003920|[MF] GMP reductase activity	0.616981734987688	0.357117971883948	0.0256772396113798	0	0.000223053516984837
GO:0003922|[MF] GMP synthase (glutamine-hydrolyzing) activity	0.587667532693034	0.404430451649753	0.00257095893771293	0	0.00533105671950049
GO:0003924|[MF] GTPase activity	0.691881540555469	0.306186444185205	0.000370075650949846	1.15530646851063e-13	0.00156193960826052
GO:0003934|[MF] GTP cyclohydrolase I activity	0.615630888574996	0.331597283441264	0.0448481949393862	0.00466063066358571	0.00326300238076819
GO:0003935|[MF] GTP cyclohydrolase II activity	0.691494971375114	0.292172732461756	0.0149330014882611	0	0.00139929467486881
GO:0003937|[MF] IMP cyclohydrolase activity	0.702196049353223	0.28696763598703	0.0106741440036764	3.69249584223657e-11	0.00016217061914561
GO:0003938|[MF] IMP dehydrogenase activity	0.767617390292595	0.193402217497198	0.012595205828846	0.0263486513180079	3.65350633528363e-05
GO:0003941|[MF] L-serine ammonia-lyase activity	0.574181132131907	0.415343905454283	0.00671901003210281	4.65883391547666e-13	0.00375595238124101
GO:0003942|[MF] N-acetyl-gamma-glutamyl-phosphate reductase activity	0.658587183500935	0.312551639414919	0.027523504089786	0.00124992115531774	8.7751839042742e-05
GO:0003948|[MF] N4-(beta-N-acetylglucosaminyl)-L-asparaginase activity	0.840615749491478	0.0843753058770933	0.000355959754360747	0.0721266569080191	0.00252632796904929
GO:0003949|[MF] 1-(5-phosphoribosyl)-5-[(5-phosphoribosylamino)methylideneamino]imidazole-4-carboxamide isomerase activity	0.771057765511896	0.213402784933466	0.0153224052584649	0	0.000217044296172875
GO:0003950|[MF] NAD+ ADP-ribosyltransferase activity	0.7451015793058	0.184408031877325	0.0632670751316461	0	0.00722331368522967
GO:0003951|[MF] NAD+ kinase activity	0.391980828579575	0.590462677084424	0.00775196359825983	0.00918285000366893	0.000621680734072438
GO:0003952|[MF] NAD+ synthase (glutamine-hydrolyzing) activity	0.41029016786178	0.542748765882268	2.39787784380018e-05	0.0455537366343675	0.00138335084314579
GO:0003954|[MF] NADH dehydrogenase activity	0.369013034366783	0.619844039962265	0.010614115055978	0	0.000528810614974011
GO:0003960|[MF] NADPH:quinone reductase activity	0.74763198374856	0.116673698930753	0.00336012886828144	0.10580363495483	0.0265305534975752
GO:0003961|[MF] O-acetylhomoserine aminocarboxypropyltransferase activity	0.648575344677991	0.280185847959507	0.0382064861517823	0.00801182546427963	0.02502049574644
GO:0003962|[MF] cystathionine gamma-synthase activity	0.475393411359857	0.52126235168882	0.00220304866003032	6.43481517068784e-15	0.00114118829128656
GO:0003963|[MF] RNA-3-phosphate cyclase activity	0.923196204981493	0.00143955008351999	3.58374178689797e-05	0.0404656819482519	0.0348627255688663
GO:0003964|[MF] RNA-directed DNA polymerase activity	0.88171669368478	0.102634069795717	0.0128199010650702	2.09989903956923e-12	0.00282933545233339
GO:0003968|[MF] RNA-directed RNA polymerase activity	0.844677742045532	0.153010126947078	5.48649911456814e-06	4.52909028365298e-22	0.00230664450827582
GO:0003977|[MF] UDP-N-acetylglucosamine diphosphorylase activity	0.623946693293724	0.355545636907341	0.0178871708413283	1.23484984462019e-13	0.00262049895748386
GO:0003978|[MF] UDP-glucose 4-epimerase activity	0.535079385884257	0.444131296762167	0.00841396988297063	0.011177176297003	0.00119817117360226
GO:0003979|[MF] UDP-glucose 6-dehydrogenase activity	0.900008464467741	0	0.0889731080884902	0	0.0110184274437684
GO:0003983|[MF] UTP:glucose-1-phosphate uridylyltransferase activity	0.768388929665009	0.170235916017126	0.0444071832889227	8.95613952342667e-15	0.0169679710289328
GO:0003984|[MF] acetolactate synthase activity	0.743863334820029	0.232243590534341	0.00930036317685311	0.0145869464320161	5.76503676100042e-06
GO:0003985|[MF] acetyl-CoA C-acetyltransferase activity	0.691447382555239	0.279178082491911	0.00151666830220185	0.0184031181881383	0.00945474846250976
GO:0003989|[MF] acetyl-CoA carboxylase activity	0.324951319697533	0.664531272111198	0.0105111624040605	0	6.24578720844979e-06
GO:0003991|[MF] acetylglutamate kinase activity	0.651740817065539	0.331622882418169	0.0159960752337815	0	0.000640225282510725
GO:0003992|[MF] N2-acetyl-L-ornithine:2-oxoglutarate 5-aminotransferase activity	0.666784362744423	0.27315057589907	0.0227378755651997	0.03732050072814	6.68506316755603e-06
GO:0003993|[MF] acid phosphatase activity	0.551331882600972	0.351127300412226	0.00876924205653057	0.0789630171307875	0.00980855779948365
GO:0003994|[MF] aconitate hydratase activity	0.518760289723459	0.470014797457305	0.0106261221505491	0	0.000598790668686953
GO:0003995|[MF] acyl-CoA dehydrogenase activity	0.80934808769612	0.176432121502157	0.0142186599705771	4.17555811996913e-11	1.13078939048246e-06
GO:0003998|[MF] acylphosphatase activity	0.518480017045037	0.470026199449794	0.0101911033679357	0	0.00130268013723375
GO:0003999|[MF] adenine phosphoribosyltransferase activity	0.738404221889817	0.223030576187875	0.036685409116597	0	0.0018797928057114
GO:0004003|[MF] ATP-dependent DNA helicase activity	0.47301742687192	0.502246538254725	2.41894508257615e-05	0.0246803648014268	3.14806211027816e-05
GO:0004004|[MF] ATP-dependent RNA helicase activity	0.743803171786035	0.194431617741876	0.0612312794056857	3.87802915995592e-12	0.000533931062525102
GO:0004008|[MF] copper-exporting ATPase activity	0.950412348284689	0.0221582198143746	0.0232007366957225	8.9978269884859e-11	0.00422869511523598
GO:0004013|[MF] adenosylhomocysteinase activity	0.767843959202422	0.221096844776489	0.00950270940308523	7.42242541043561e-12	0.00155648661058096
GO:0004014|[MF] adenosylmethionine decarboxylase activity	0.869091469952287	0.109672304840398	0.0180933068910695	1.92197062638639e-20	0.00314291831624556
GO:0004015|[MF] adenosylmethionine-8-amino-7-oxononanoate transaminase activity	0.53283029619949	0.438450470503874	0.0286442506324666	0	7.49826641690254e-05
GO:0004017|[MF] adenylate kinase activity	0.361755916412707	0.63498686721727	0.00318088287843285	2.46307520136768e-11	7.6333466959256e-05
GO:0004018|[MF] N6-(1,2-dicarboxyethyl)AMP AMP-lyase (fumarate-forming) activity	0.449195285793586	0.536962359210353	0.0137087313339421	0	0.000133623662118181
GO:0004019|[MF] adenylosuccinate synthase activity	0.472971793693749	0.525050937045708	0.000353249333231545	0	0.00162401992731164
GO:0004020|[MF] adenylylsulfate kinase activity	0.57332058819878	0.413971544964492	0.0053803681686341	0	0.00732749866809388
GO:0004022|[MF] alcohol dehydrogenase (NAD) activity	0.298512114922075	0.689526536482916	0.00136905232471418	0.00706973631853942	0.00352255995175596
GO:0004026|[MF] alcohol O-acetyltransferase activity	0.553101741841833	0.434143560505287	9.22731725131935e-06	0.0126074099352348	0.000138060400393754
GO:0004030|[MF] aldehyde dehydrogenase [NAD(P)+] activity	0.818152661707784	0.139356340402269	0.0411076183747194	0	0.0013833795152273
GO:0004032|[MF] alditol:NADP+ 1-oxidoreductase activity	0.704766109939366	0.26238861729409	0.0319467108647946	4.97804981044115e-14	0.000898561901699626
GO:0004034|[MF] aldose 1-epimerase activity	0.709087246164182	0.242388756179485	0.00153097018707679	0.0462576923392571	0.000735335129999231
GO:0004035|[MF] alkaline phosphatase activity	0.971898205373954	0	0.0196517306144796	0	0.00845006401156605
GO:0004038|[MF] allantoinase activity	0.640247627908865	0.330727491458419	3.14848152093915e-06	0.0277609417403811	0.00126079041081394
GO:0004040|[MF] amidase activity	0.487986961775921	0.505954665441329	0.00593917239895757	4.46400248623097e-11	0.000119200339151982
GO:0004042|[MF] acetyl-CoA:L-glutamate N-acetyltransferase activity	0.659647279724955	0.321272606510663	0.00926878063315945	0.00892129333053542	0.000890039800687235
GO:0004044|[MF] amidophosphoribosyltransferase activity	0.591424482630493	0.362998937487141	0.00911183724378359	0.0344431684028376	0.00202157423574565
GO:0004045|[MF] aminoacyl-tRNA hydrolase activity	0.542886050763548	0.455712866222509	0.000150643031026062	5.02442508297191e-22	0.00125043998291634
GO:0004046|[MF] aminoacylase activity	0.86618972887827	0.0882582084712817	0.0403574338734614	1.03016408356322e-14	0.00519462877697671
GO:0004047|[MF] aminomethyltransferase activity	0.90634706337755	0.073243691501454	0.0145843699583391	8.63701372490971e-11	0.00582487507628706
GO:0004048|[MF] anthranilate phosphoribosyltransferase activity	0.753621276976049	0.23754144824009	0.00145782703912711	0	0.00737944774473378
GO:0004049|[MF] anthranilate synthase activity	0.730277593508952	0.26143048230049	0.00757067611131851	2.30016812784838e-10	0.000721247849222655
GO:0004053|[MF] arginase activity	0.964606001568016	0	0.000992948133042765	0	0.0344010502989409
GO:0004055|[MF] argininosuccinate synthase activity	0.448194221132433	0.533265088705552	0.0160687444363219	0	0.00247194572569275
GO:0004056|[MF] argininosuccinate lyase activity	0.475917264915247	0.521292272923994	0.00200978435628393	3.78818184950879e-15	0.000780677804470522
GO:0004057|[MF] arginyltransferase activity	0.589151103361106	0.398159056772247	0.0100939160373217	9.1193777830747e-15	0.0025959238293159
GO:0004061|[MF] arylformamidase activity	0.595009745648887	0.349147816554638	0.0027266121971026	0.0328447137217936	0.0202711118775792
GO:0004065|[MF] arylsulfatase activity	0.932672426166858	0.0434548582209753	0.0237131206644919	0	0.000159594947674734
GO:0004066|[MF] asparagine synthase (glutamine-hydrolyzing) activity	0.787046745884514	0.207931269062273	0.000176401955800553	0.00462291560056294	0.000222667496849772
GO:0004067|[MF] asparaginase activity	0.547467327911001	0.451706314231038	0.000791910537923648	0	3.44473200380073e-05
GO:0004068|[MF] aspartate 1-decarboxylase activity	0.583268360608674	0.384960902221408	0.0290848371118731	3.25918713124142e-13	0.00268590005771949
GO:0004069|[MF] L-aspartate:2-oxoglutarate aminotransferase activity	0.53636968381348	0.42873051184079	0.00208829813112692	0.032322968662909	0.000488537551693243
GO:0004070|[MF] aspartate carbamoyltransferase activity	0.571008230967735	0.425279263464248	0.001655179652922	0	0.00205732591509437
GO:0004071|[MF] aspartate-ammonia ligase activity	0.41759497380907	0.573725350295614	0.00853767882599022	7.01525254656853e-11	0.00014199699917362
GO:0004072|[MF] aspartate kinase activity	0.513532440759186	0.483927153086954	0.00124803295300629	6.96457283565028e-20	0.00129237320085448
GO:0004073|[MF] aspartate-semialdehyde dehydrogenase activity	0.626322409628881	0.336520812938191	0.034963323280697	0	0.00219345415223057
GO:0004075|[MF] biotin carboxylase activity	0.313151677751504	0.68014008123865	0.00667520433109146	4.40524473085798e-16	3.30366787545256e-05
GO:0004076|[MF] biotin synthase activity	0.663194737324026	0.316255893975636	0.00774770998771662	0.0100082758402132	0.00279338287240818
GO:0004077|[MF] biotin-[acetyl-CoA-carboxylase] ligase activity	0.657940831891208	0.330021240617348	0.00940011687034356	0.00255010417164552	8.77064494550783e-05
GO:0004084|[MF] branched-chain-amino-acid transaminase activity	0.818037810192289	0.146382731476439	0.0167936151866512	0.0177510690113939	0.00103477413322777
GO:0004085|[MF] butyryl-CoA dehydrogenase activity	0.929441461821359	0.0144919526766462	0.0557739130934713	1.39383164287476e-10	0.000292672269140234
GO:0004088|[MF] carbamoyl-phosphate synthase (glutamine-hydrolyzing) activity	0.701893279503273	0.263818815717531	0.0293265871991612	0.00495829296792505	3.02461210960998e-06
GO:0004089|[MF] carbonate dehydratase activity	0.914709296682127	0.0369944707745484	0.0186885990029669	2.6367515395258e-21	0.0296076335403578
GO:0004096|[MF] catalase activity	0.70096998056749	0.200678291787969	0.0796217419633267	2.87429730203867e-12	0.0187299856783408
GO:0004106|[MF] chorismate mutase activity	0.718162633417261	0.265823437218966	0.00492653611076505	0.010922944046618	0.000164449206390025
GO:0004107|[MF] chorismate synthase activity	0.559363130608733	0.396535034891258	0.0232407950646451	0.020387777309501	0.00047326212586361
GO:0004109|[MF] coproporphyrinogen oxidase activity	0.566693479665837	0.429601267183076	0.00335820305659018	2.8385774270345e-13	0.00034705009421333
GO:0004113|[MF] 2,3-cyclic-nucleotide 3-phosphodiesterase activity	0.828942977238125	0.162776541595868	0.00743911232293416	0	0.000841368843071852
GO:0004115|[MF] 3,5-cyclic-AMP phosphodiesterase activity	0.626855985579596	0.36110177665902	0.00814825059709004	4.41947783747611e-13	0.00389398716385124
GO:0004121|[MF] cystathionine beta-lyase activity	0.975409391800725	0.00670798828287977	0.00652994615819347	0	0.0113526737582013
GO:0004124|[MF] cysteine synthase activity	0.719779369432804	0.257826242336336	0.00731584939853391	0.0149558396389923	0.000122699193333989
GO:0004125|[MF] L-seryl-tRNASec selenium transferase activity	0.617452072574863	0.370341875892096	0.0108118626830679	7.01092999902819e-14	0.00139418884990253
GO:0004126|[MF] cytidine deaminase activity	0.616615485299725	0.354348679508583	0.00112202090423352	0.0278993036009625	1.45106864955503e-05
GO:0004127|[MF] cytidylate kinase activity	0.542715162129448	0.44442787341615	0.00202857170633907	0.00847802732845366	0.00235036541960949
GO:0004129|[MF] cytochrome-c oxidase activity	0.774646453502287	0.167514099559247	0.055316185040805	6.17307939830454e-12	0.00252326189148726
GO:0004130|[MF] cytochrome-c peroxidase activity	0.560145190641285	0.419476668011912	0.0196585911187246	2.62035407738272e-13	0.000719550227815465
GO:0004132|[MF] dCMP deaminase activity	0.930027339046556	0.0429126613360138	0.0117818469805379	3.32910251084184e-06	0.0152748235343818
GO:0004133|[MF] glycogen debranching enzyme activity	0.683379607271015	0.282037440982273	0.000400817723670503	0.0286349352543515	0.00554719876869075
GO:0004134|[MF] 4-alpha-glucanotransferase activity	0.831295815408706	0.165612137132548	6.56475979410076e-06	6.70174266517059e-19	0.00308548269895114
GO:0004135|[MF] amylo-alpha-1,6-glucosidase activity	0.98701507080766	0	0.00384981031805754	0	0.00913511887428298
GO:0004136|[MF] deoxyadenosine kinase activity	0.592166564006028	0.376624487376814	0.0310238020885855	0	0.000185146528572682
GO:0004138|[MF] deoxyguanosine kinase activity	0.608191831786479	0.360247027994258	0.0314224992177649	5.94014711465222e-12	0.000138640995558709
GO:0004139|[MF] deoxyribose-phosphate aldolase activity	0.545467779865521	0.415700608919629	0.00488460236902636	0.0332825248362422	0.000664484009581382
GO:0004140|[MF] dephospho-CoA kinase activity	0.652960049397998	0.335887533916315	0.00969245867016796	0	0.00145995801551867
GO:0004141|[MF] dethiobiotin synthase activity	0.606266006587742	0.327368119603835	0.0615738223452163	0	0.00479205146320606
GO:0004143|[MF] diacylglycerol kinase activity	0.919317497370202	0.0783674648771717	0.000173985410080084	3.50414866263373e-22	0.00214105234254614
GO:0004145|[MF] diamine N-acetyltransferase activity	0.721948964659995	0.274391567713035	0.0024101957142606	0	0.0012492719127094
GO:0004146|[MF] dihydrofolate reductase activity	0.68572994015671	0.303536737597071	0.00534370505108907	7.7800549851897e-14	0.00538961719505176
GO:0004148|[MF] dihydrolipoyl dehydrogenase activity	0.886076613605454	0.0585116192171982	0.0496063653650289	2.12970889273291e-11	0.00580540179102187
GO:0004150|[MF] dihydroneopterin aldolase activity	0.565505684812082	0.40230926012403	0.00500537046122917	0.0265425196888662	0.000637164913792757
GO:0004151|[MF] dihydroorotase activity	0.467449046543899	0.525028933080371	0.00357633536621674	0.00334335506880916	0.00060232994070432
GO:0004152|[MF] dihydroorotate dehydrogenase activity	0.678957173185291	0.314804688661123	0.00358639679807361	2.4354472756847e-12	0.00265174135307694
GO:0004156|[MF] dihydropteroate synthase activity	0.764648382146807	0.133055294813072	0.0886956763672515	0	0.0136006466728696
GO:0004160|[MF] dihydroxy-acid dehydratase activity	0.683313742373958	0.285155113793143	0.0301450731703697	3.53692262351088e-16	0.00138607066252879
GO:0004163|[MF] diphosphomevalonate decarboxylase activity	0.517924467127012	0.450565654655221	0.0314914944874537	8.01643193469971e-21	1.8383730313483e-05
GO:0004170|[MF] dUTP diphosphatase activity	0.754590458168554	0.209215605011761	0.0347073426579449	0	0.00148659416173964
GO:0004174|[MF] electron-transferring-flavoprotein dehydrogenase activity	0.878333987966989	0.114842810588431	1.74220299009384e-05	6.03882460127564e-12	0.00680577940864073
GO:0004176|[MF] ATP-dependent peptidase activity	0.669340053137333	0.317415212629828	0.00198446698436966	0.01066054966008	0.00059971758838957
GO:0004177|[MF] aminopeptidase activity	0.473647119620272	0.502717249455344	3.93098724336485e-06	0.0227131849985986	0.00091851493854224
GO:0004180|[MF] carboxypeptidase activity	0.948500222713156	0.050967799691163	0.00010798206014916	8.22224096026304e-13	0.000423995534709937
GO:0004181|[MF] metallocarboxypeptidase activity	0.913018405138722	0.0786884044998866	0.00664839908584176	4.35516985949175e-13	0.00164479127511418
GO:0004185|[MF] serine-type carboxypeptidase activity	0.880430064877021	0.0939566902845895	0.000461292996439934	0.0129745444952369	0.0121774073467126
GO:0004190|[MF] aspartic-type endopeptidase activity	0.706025533244138	0.288210069861861	0.000263508825554393	0.00302442152176079	0.00247646654668618
GO:0004197|[MF] cysteine-type endopeptidase activity	0.790425214249773	0.199139667419863	0.0102357442689803	0	0.000199374061383931
GO:0004222|[MF] metalloendopeptidase activity	0.572033863682854	0.427599411465011	8.78054837385604e-05	1.21465956277173e-16	0.000278919368396231
GO:0004252|[MF] serine-type endopeptidase activity	0.581680891411104	0.404122978277904	0.000442235309255644	0.0136194340756116	0.00013446092612501
GO:0004298|[MF] threonine-type endopeptidase activity	0.609721149445775	0.372681756409873	0.0168977296958567	0	0.000699364448495084
GO:0004308|[MF] exo-alpha-sialidase activity	0.988721431007732	0	0.0104369311594426	0	0.000841637832824977
GO:0004311|[MF] farnesyltranstransferase activity	0.313444140151477	0.650294347527742	0.000488103163696653	0.0356020329288422	0.000171376228242413
GO:0004312|[MF] fatty acid synthase activity	0.880369174589465	0.0443762453315762	0.000167013522599311	0.0726594630785696	0.00242810347778984
GO:0004314|[MF] [acyl-carrier-protein] S-malonyltransferase activity	0.835486224894453	0.15569766297272	0.0016654713106362	0	0.00715064082219064
GO:0004315|[MF] 3-oxoacyl-[acyl-carrier-protein] synthase activity	0.780368569686316	0.207768358383997	0.0117601616542678	1.24956119030058e-12	0.000102910274170132
GO:0004316|[MF] 3-oxoacyl-[acyl-carrier-protein] reductase (NADPH) activity	0.824929234738534	0.166766360523043	0.0068415260015835	0	0.00146287873683967
GO:0004318|[MF] enoyl-[acyl-carrier-protein] reductase (NADH) activity	0.90450223185661	0.0895269034933452	0.00585030208029956	5.81208363586699e-14	0.000120562569686573
GO:0004322|[MF] ferroxidase activity	0.879728247827651	0.0315616056823016	0.0777259744605644	5.86501727970619e-14	0.0109841720294244
GO:0004324|[MF] ferredoxin-NADP+ reductase activity	0.583462709884522	0.383994596981542	0.0317439089950787	7.44194104308305e-15	0.000798784138849079
GO:0004325|[MF] ferrochelatase activity	0.673085433345053	0.323513663191639	0.000352380590140178	0	0.00304852287316734
GO:0004326|[MF] tetrahydrofolylpolyglutamate synthase activity	0.554936284818977	0.440206792194093	0.000739120091780123	4.66859279631592e-12	0.00411780289048053
GO:0004329|[MF] formate-tetrahydrofolate ligase activity	0.435262188267282	0.561937999803523	0.00222669426552434	0	0.00057311766367063
GO:0004332|[MF] fructose-bisphosphate aldolase activity	0.770688685175556	0.195569688481877	0.0218734045065585	2.7507763636752e-13	0.0118682218357338
GO:0004333|[MF] fumarate hydratase activity	0.704873148508096	0.284988661598861	0.00397577733423777	0	0.00616241255880466
GO:0004335|[MF] galactokinase activity	0.514518798244492	0.454144625155938	0.000872062952299451	0.0302833364863063	0.000181177160964243
GO:0004337|[MF] geranyltranstransferase activity	0.830795402500093	0.128062869298958	0.0324732222821573	0	0.00866850591879237
GO:0004339|[MF] glucan 1,4-alpha-glucosidase activity	0.945590953482275	0.041046409136831	0.00140203637602053	1.28462412667011e-12	0.0119606010035893
GO:0004340|[MF] glucokinase activity	0.7602614271137	0.237038888122506	7.01351710688491e-05	0.00099238539669985	0.00163716419602538
