Residuals	timepoint	number_of_pups_scaled	genotype	lipocalin2_pg_ml_scaled
1-ACYLGLYCEROL-3-P-ACYLTRANSFER-RXN|(expasy) 1-acylglycerol-3-phosphate O-acyltransferase [2.3.1.51]	0.437586752191564	0.495017648366463	6.01955020489702e-05	0.0638741978847184	0.00346120605520552
1.1.1.127-RXN|(expasy) 2-dehydro-3-deoxy-D-gluconate 5-dehydrogenase [1.1.1.127]	0.869038792059014	0.0767351698535538	0.050781988320728	0	0.00344404976670408
1.1.1.136-RXN|(expasy) UDP-N-acetylglucosamine 6-dehydrogenase [1.1.1.136]	0.68559835864542	0.273899198561755	0.0356449523979061	0.00465901700640813	0.000198473388510542
1.1.1.176-RXN|(expasy) 12-alpha-hydroxysteroid dehydrogenase [1.1.1.176]	0.737700422906663	0.24983314986497	0.000948878097090347	1.00807556424392e-12	0.0115175491302685
1.1.1.251-RXN|(expasy) Galactitol-1-phosphate 5-dehydrogenase [1.1.1.251]	0.876040596216397	0.111361787494055	0.00728163279830811	1.20697575912018e-12	0.00531598349003268
1.1.1.261-RXN|(expasy) sn-glycerol-1-phosphate dehydrogenase [1.1.1.261]	0.437321875668279	0.48003653611535	0.0319350919389588	0.0482670566152446	0.00243943966216717
1.1.1.271-RXN|(expasy) GDP-L-fucose synthase [1.1.1.271]	0.656361094750992	0.3433089736192	7.17513481223944e-05	0	0.000258180281684925
1.1.1.272-RXN|(expasy) D-2-hydroxyacid dehydrogenase (NADP(+)) [1.1.1.272]	0.657893138763685	0.337680860808243	0.00209180488889267	2.9316400169368e-15	0.00233419553917643
1.1.1.274-RXN|(expasy) 2,5-didehydrogluconate reductase (2-dehydro-D-gluconate-forming) [1.1.1.274]	0.364055125666436	0.621453434278956	0.0138500062474604	7.45873083988942e-13	0.000641433806401945
1.1.1.283-RXN|(expasy) Methylglyoxal reductase (NADPH) [1.1.1.283]	0.520391582766204	0.458865232024899	0.01830887200994	0	0.00243431319895747
1.1.1.291-RXN|(expasy) 2-hydroxymethylglutarate dehydrogenase [1.1.1.291]	0.861986378398706	0.0566370247664682	0.00245138408095121	0.0712824031819471	0.00764280957192723
1.1.1.292-RXN|(expasy) 1,5-anhydro-D-fructose reductase (1,5-anhydro-D-mannitol-forming) [1.1.1.292]	0.883174631521578	0.0659970974547968	0.00225617617195203	1.80724330151127e-11	0.0485720948336005
1.1.1.39-RXN|(expasy) Malate dehydrogenase (oxaloacetate-decarboxylating) [1.1.1.38]	0.739315824599142	0.25492254479312	0.00502169884556673	0	0.000739931762171138
1.1.99.28-RXN|(expasy) Glucose-fructose oxidoreductase [1.1.99.28]	0.623184338507106	0.361782503091268	0.00131502748600863	6.2331084765646e-14	0.0137181309155555
1.10.2.2-RXN|(expasy) Quinol--cytochrome-c reductase [7.1.1.8]	0.992494687308933	0	0.00644839138916927	0	0.00105692130189741
1.12.1.3-RXN|(expasy) Hydrogen dehydrogenase (NADP(+)) [1.12.1.3]	0.553002821431271	0.366397774807318	0.002489120632773	0.0517063822965724	0.0264039008320654
1.15.1.2-RXN|(expasy) Superoxide reductase [1.15.1.2]	0.670056905456822	0.159511722940869	0.0113052993743566	0.102536939443985	0.0565891327839678
1.17.4.2-RXN|(expasy) Ribonucleoside-triphosphate reductase (thioredoxin) [1.17.4.2]	0.372538272198622	0.624369820237613	0.00223123682124491	0	0.000860670742520157
1.18.1.2-RXN|(expasy) Ferredoxin--NADP(+) reductase [1.18.1.2]	0.440422912434757	0.533169044041383	0.0257235328211115	4.57109438496255e-14	0.000684510702702709
1.2.1.27-RXN|(expasy) Methylmalonate-semialdehyde dehydrogenase (CoA acylating) [1.2.1.27]	0.649458053032269	0.275221632262307	0.00721054408227162	0.066581327760589	0.00152844286256306
1.2.1.66-RXN|(expasy) S-(hydroxymethyl)mycothiol dehydrogenase [1.1.1.306]	0.70435152095519	0.29368081084948	1.33966923323138e-06	2.43517024341169e-10	0.00196632828257973
1.2.3.3-RXN|(expasy) Pyruvate oxidase [1.2.3.3]	0.477702279027177	0.510157023675512	0.0116878402030294	0	0.000452857094281341
1.2.4.4-RXN|(expasy) 3-methyl-2-oxobutanoate dehydrogenase (2-methylpropanoyl-transferring) [1.2.4.4]	0.859798369242379	0.132791531621236	0.00734260819803552	1.06220487840919e-14	6.7490938339072e-05
1.2.7.4-RXN|(expasy) Anaerobic carbon-monoxide dehydrogenase [1.2.7.4]	0.753307082447392	0.204647842483446	0.031583753125491	0.00815020947087139	0.00231111247279973
1.2.7.5-RXN|(expasy) Aldehyde ferredoxin oxidoreductase [1.2.7.5]	0.404916708833438	0.592381622804136	0.00172591992246136	2.43238549229377e-18	0.000975748439964444
1.2.7.7-RXN|(expasy) 3-methyl-2-oxobutanoate dehydrogenase (ferredoxin) [1.2.7.7]	0.793509507441368	0.078414652407452	0.030765542087971	5.77559873935685e-13	0.0973102980626313
1.2.7.8-RXN|(expasy) Indolepyruvate ferredoxin oxidoreductase [1.2.7.8]	0.771764531369841	0.221067337676004	0.000370657033242698	1.71616742144045e-12	0.00679747391919564
1.2.99.7-RXN|(expasy) Aldehyde dehydrogenase (FAD-independent) [1.2.99.7]	0.889322439372266	0.0895751220715435	0.00182018105221815	0.00365955558688864	0.0156227019170833
1.21.4.1-RXN|(expasy) D-proline reductase [1.21.4.1]	0.855662031844807	0.143779432222225	8.40086716764961e-06	0	0.000550135065799817
1.21.4.3-RXN|(expasy) Sarcosine reductase [1.21.4.3]	0.763409078398898	0.160008990994746	0.00138254784468955	0.00304155767588398	0.0721578250857821
1.21.4.4-RXN|(expasy) Betaine reductase [1.21.4.4]	0.829548137267001	0.1245836178285	6.99381674076192e-05	0.00105019460395057	0.044748112133141
1.3.1.2-RXN|(expasy) Dihydropyrimidine dehydrogenase (NADP(+)) [1.3.1.2]	0.401308312469866	0.588381381893561	0.0102860410236711	4.87349631494511e-15	2.42646128970133e-05
1.3.1.54-RXN|(expasy) Precorrin-6A reductase [1.3.1.54]	0.799782950586579	0.176696473409761	2.34617178810138e-05	0.023240390122533	0.000256724163245976
1.3.99.15-RXN|(expasy) Benzoyl-CoA reductase [1.3.7.8]	0.73946593519915	0.254450267644467	0.00165453069529227	0	0.00442926646109027
1.4.1.11-RXN|(expasy) L-erythro-3,5-diaminohexanoate dehydrogenase [1.4.1.11]	0.780673600956169	0.214288172819718	0.00372592439857697	0	0.00131230182553645
1.4.1.21-RXN|(expasy) Aspartate dehydrogenase [1.4.1.21]	0.704034238527909	0.286869111275433	0.0057304064640226	1.64884345074676e-13	0.00336624373247075
1.4.3.19-RXN|(expasy) AMBIGUOUS [1.4.3.19; 1.4.3.3]	0.778873597763693	0.0652267920408839	0.121601149498088	0	0.0342984606973348
1.5.1.20-RXN|(expasy) Methylenetetrahydrofolate reductase (NAD(P)H) [1.5.1.20]	0.306003182691091	0.629474886008797	0.00846327991102373	0.0559214761610672	0.000137175228020697
1.5.1.7-RXN|(expasy) Saccharopine dehydrogenase (NAD(+), L-lysine-forming) [1.5.1.7]	0.709847880673228	0.269759015906544	0.0196075203199102	0	0.000785583100317859
1.6.4.4-RXN|(expasy) Protein-disulfide reductase [1.8.1.8]	0.983520421301947	0	0.0115216086955087	0	0.0049579700025443
1.7.2.2-RXN|(expasy) Nitrite reductase (cytochrome; ammonia-forming) [1.7.2.2]	0.861736940812973	0.136998291204711	0.000741471105569873	7.04104566358192e-13	0.000523296876041479
1.7.2.3-RXN|(expasy) Trimethylamine-N-oxide reductase [1.7.2.3]	0.989283142794782	0.00825229696674378	0.0024643892002884	0	1.71038185715549e-07
1.8.1.4-RXN|(expasy) Dihydrolipoyl dehydrogenase [1.8.1.4]	0.987717015286955	0.00350542235653737	0.00682443523908723	8.43441930070367e-09	0.0019531186830016
1.8.4.12-RXN|(expasy) Peptide-methionine (R)-S-oxide reductase [1.8.4.12]	0.575969855459045	0.409903585814869	0.0115797369412276	0.00219709631402982	0.000349725470828424
1.8.4.14-RXN|(expasy) L-methionine (R)-S-oxide reductase [1.8.4.14]	0.788118947507054	0.124839757221671	0.00947297067516333	6.33074881025284e-11	0.0775683245328044
1.8.4.8-RXN|(expasy) Phosphoadenylyl-sulfate reductase (thioredoxin) [1.8.4.8]	0.909043603635428	0.0623808580174149	0.0177200966455137	2.75154214105974e-09	0.0108554389501012
1.8.98.1-RXN|(expasy) Dihydromethanophenazine:CoB--CoM heterodisulfide reductase [1.8.98.1]	0.935980285958624	0	0.0587467439594162	0	0.00527297008196022
13-PROPANEDIOL-DEHYDROGENASE-RXN|(expasy) 1,3-propanediol dehydrogenase [1.1.1.202]	0.372092187594872	0.614746856091613	0.0124293605231306	0	0.000731595790384897
1PFRUCTPHOSN-RXN|(expasy) 1-phosphofructokinase [2.7.1.56]	0.745844654214638	0.250880295840126	0.00315393245141816	0	0.000121117493818421
1TRANSKETO-RXN|(expasy) Transketolase [2.2.1.1]	0.465602615952765	0.515911598035582	0.0112074762586578	0	0.00727830975299506
2-AMINOADIPATE-AMINOTRANSFERASE-RXN|(expasy) 2-aminoadipate transaminase [2.6.1.39]	0.993907414478746	0	0.000268817149074139	0.00581195468277997	1.18136894001527e-05
2-DEHYDROPANTOATE-REDUCT-RXN|(expasy) 2-dehydropantoate 2-reductase [1.1.1.169]	0.356746208939704	0.641310682144118	7.99189860757423e-05	0.00130573773254556	0.000557452197556196
2-ISOPROPYLMALATESYN-RXN|(expasy) 2-isopropylmalate synthase [2.3.3.13]	0.994700534611829	0	0.00387190468500407	0	0.00142756070316745
2-METHYLCITRATE-DEHYDRATASE-RXN|(expasy) 2-methylcitrate dehydratase [4.2.1.79]	0.507888890671808	0.479403037602334	0.0113022478199538	3.97744263391049e-16	0.00140582390590337
2-METHYLCITRATE-SYNTHASE-RXN|(expasy) 2-methylcitrate synthase [2.3.3.5]	0.867747854069443	0	0.00214735107982986	0.103781129370544	0.0263236654801831
2-NITROPROPANE-DIOXYGENASE-RXN|(expasy) Nitronate monooxygenase [1.13.12.16]	0.552146907786706	0.347948398576507	0.00394391845761825	0.0772120919136084	0.0187486832655604
2-OCTAPRENYL-METHOXY-BENZOQ-METH-RXN|(expasy) 2-methoxy-6-polyprenyl-1,4-benzoquinol methylase [2.1.1.201]	0.599273378600932	0.368228402462982	0.0139264912679114	0.00816940281564524	0.0104023248525292
2-OXOBUTYRATE-SYNTHASE-RXN|(expasy) 3-methyl-2-oxobutanoate dehydrogenase (ferredoxin) [1.2.7.7]	0.793509507441368	0.078414652407452	0.030765542087971	5.77559873935685e-13	0.0973102980626313
2-OXOGLUTARATE-SYNTHASE-RXN|(expasy) 2-oxoglutarate synthase [1.2.7.3]	0.518426620098195	0.477350533541093	0.0035808310707627	0	0.000642015289948543
2.1.1.130-RXN|(expasy) Precorrin-2 C(20)-methyltransferase [2.1.1.130]	0.848954576963069	0.0444105515284417	1.05398682752187e-05	0.0805328841569412	0.0260914474832731
2.1.1.131-RXN|(expasy) Precorrin-3B C(17)-methyltransferase [2.1.1.131]	0.961969492240689	0.0338060592848144	0.00100504273023762	0	0.00321940574425912
2.1.1.132-RXN|(expasy) Precorrin-6B C(5,15)-methyltransferase (decarboxylating) [2.1.1.132]	0.537511763198078	0.456479228167575	0.000304022066288895	0.00239797869798855	0.00330700787006946
2.1.1.133-RXN|(expasy) Precorrin-4 C(11)-methyltransferase [2.1.1.133]	0.937710839098016	0.00438175025401188	0.0399861691929701	1.66955211187067e-16	0.017921241455002
2.1.1.34-RXN|(expasy) tRNA (guanosine(18)-2-O)-methyltransferase [2.1.1.34]	0.928258799307677	0.0582877848792392	0.00474641577387996	4.0665026549154e-11	0.00870699999853847
2.1.1.63-RXN|(expasy) Methylated-DNA--[protein]-cysteine S-methyltransferase [2.1.1.63]	0.449505866294648	0.520904755282832	0.0286979627010187	1.89618401945497e-15	0.000891415721499914
2.1.1.64-RXN|(expasy) 3-demethylubiquinol 3-O-methyltransferase [2.1.1.64]	0.659255355168613	0.168386192739302	0.00775869250525375	0.114031867143158	0.0505678924436737
2.1.1.72-RXN|(expasy) Site-specific DNA-methyltransferase (adenine-specific) [2.1.1.72]	0.670162645848493	0.281034968717657	0.0471549077411783	4.58586382363793e-14	0.00164747769262615
2.1.1.74-RXN|(expasy) (NAD(P)H-oxidizing) [2.1.1.74]	0.509776316892257	0.465338751950104	0.00379662702379568	0.0209633924528382	0.000124911681004998
2.1.1.77-RXN|(expasy) Protein-L-isoaspartate(D-aspartate) O-methyltransferase [2.1.1.77]	0.581172774718466	0.413826388354556	0.00466321916463754	0	0.000337617762340316
2.1.1.79-RXN|(expasy) Cyclopropane-fatty-acyl-phospholipid synthase [2.1.1.79]	0.397586975521173	0.5923605069889	0.0088020216223515	3.27603466493026e-16	0.00125049586757493
2.1.3.1-RXN|(expasy) Methylmalonyl-CoA carboxytransferase [2.1.3.1]	0.9909261631608	0	0.00805974140589588	0	0.00101409543330452
2.1.3.9-RXN|(expasy) N-acetylornithine carbamoyltransferase [2.1.3.9]	0.667074475719001	0.312464821165661	0.000106930006258379	0.0194162430335727	0.000937530075506471
2.3.1.128-RXN|(expasy) [Ribosomal protein S18]-alanine N-acetyltransferase [2.3.1.266]	0.796678043082541	0.148586472875062	0.0546674909419832	0	6.79931004137336e-05
2.3.1.157-RXN|(expasy) Glucosamine-1-phosphate N-acetyltransferase [2.3.1.157]	0.509946976053285	0.472447898893902	0.0166240889809095	3.6425691302639e-14	0.000981036071866721
2.3.1.179-RXN|(expasy) Beta-ketoacyl-[acyl-carrier-protein] synthase II [2.3.1.179]	0.87111602709033	0.120152069871747	0.00872558402911231	1.07470887889771e-12	6.31900773594971e-06
2.3.1.180-RXN|(expasy) Beta-ketoacyl-[acyl-carrier-protein] synthase III [2.3.1.180]	0.980500576973131	0.00189263954753468	0.0125447102292073	1.76288145323358e-14	0.00506207325010902
2.3.1.41-RXN|(expasy) Beta-ketoacyl-[acyl-carrier-protein] synthase I [2.3.1.41]	0.994647616722622	0	0.00257123031115925	0	0.00278115296621826
2.3.1.89-RXN|(expasy) Tetrahydrodipicolinate N-acetyltransferase [2.3.1.89]	0.412127154277782	0.570049268156918	0.0176367458092546	0	0.000186831756045327
2.4.1.109-RXN|(expasy) Dolichyl-phosphate-mannose--protein mannosyltransferase [2.4.1.109]	0.715260143915706	0.266066863770942	0.00572909278224888	0.0105799350105398	0.00236396452056349
2.4.1.129-RXN|(expasy) Peptidoglycan glycosyltransferase [2.4.1.129]	0.694509842022607	0.297022647823461	6.6435969817159e-05	0.00801976958611159	0.000381304598002627
2.4.1.211-RXN|(expasy) 1,3-beta-galactosyl-N-acetylhexosamine phosphorylase [2.4.1.211]	0.699648998136155	0.297340461473938	0.00125829584913934	0	0.00175224454076786
2.4.1.212-RXN|(expasy) Hyaluronan synthase [2.4.1.212]	0.892278882493159	0.0592015819473327	0.00640168258417896	0.0253478889842714	0.0167699639910577
2.4.1.230-RXN|(expasy) Kojibiose phosphorylase [2.4.1.230]	0.959247621987433	0.0350120371963777	0.00218213229390592	3.11331265141806e-15	0.0035582085222802
2.4.1.54-RXN|(expasy) Undecaprenyl-phosphate mannosyltransferase [2.4.1.54]	0.876709887954594	0.1028270040458	0.000327802755180823	2.90174252874012e-12	0.0201353052415227
2.4.1.83-RXN|(expasy) Dolichyl-phosphate beta-D-mannosyltransferase [2.4.1.83]	0.844656962418037	0.132234388560039	0.00260169911639486	1.53268078092788e-11	0.0205069498902026
2.5.1.19-RXN|(expasy) 3-phosphoshikimate 1-carboxyvinyltransferase [2.5.1.19]	0.656298122651043	0.323770192709802	0.000897515289347674	3.38419397926963e-13	0.0190341693494691
2.5.1.64-RXN|(expasy) synthase [2.2.1.9]	0.952393232192623	0.0163295431246238	0.0296590792189077	2.39367287626017e-33	0.00161814546384603
2.6.1.33-RXN|(expasy) dTDP-4-amino-4,6-dideoxy-D-glucose transaminase [2.6.1.33]	0.805750786473935	0.188620714692004	0.00551911088124451	2.45314034751881e-10	0.000109387707501568
2.6.1.37-RXN|(metacyc) phosphonoacetaldehyde transaminase [2.6.1.37]	0.940224388968948	0.0500213074466593	0.00975413854610892	0	1.65038283717618e-07
2.6.1.50-RXN|(expasy) Glutamine--scyllo-inositol transaminase [2.6.1.50]	0.989214714190025	0.000292128548265319	0.0102961137267328	0	0.000197043534976992
2.7.1.121-RXN|(expasy) Phosphoenolpyruvate--glycerone phosphotransferase [2.7.1.121]	0.850667085549127	0.0491770290376537	0.0953203703465147	0	0.00483551506670475
2.7.1.148-RXN|(expasy) 4-(cytidine 5-diphospho)-2-C-methyl-D-erythritol kinase [2.7.1.148]	0.476256357555215	0.5169609124178	0.00595040987381577	9.60646232283214e-14	0.000832320153072712
2.7.1.156-RXN|(expasy) Adenosylcobinamide kinase [2.7.1.156]	0.941419148014409	0.0408286216768928	0.00138138885334205	0.0161127472522895	0.000258094203067074
2.7.1.90-RXN|(expasy) Diphosphate--fructose-6-phosphate 1-phosphotransferase [2.7.1.90]	0.52587510007037	0.451531099454859	0.000541835993919515	0.0219965207608665	5.54437199855665e-05
2.7.10.1-RXN|(expasy) AMBIGUOUS [2.7.10.1; 2.7.10.2; 2.7.12.1]	0.567825526248817	0.424453238711596	0.00653966502095075	0	0.0011815700186363
2.7.13.3-RXN|(expasy) Histidine kinase [2.7.13.3]	0.60127663524415	0.395644496825277	0.000342713367661174	0.00264715116788645	8.90033950250818e-05
2.7.3.9-RXN|(expasy) Phosphoenolpyruvate--protein phosphotransferase [2.7.3.9]	0.347900789504847	0.651801459822232	0.000112157982181601	1.05002145826171e-14	0.000185592690729559
2.7.7.13-RXN|(expasy) Mannose-1-phosphate guanylyltransferase [2.7.7.13]	0.959339336465623	0	0.0404700407403317	0	0.00019062279404546
2.7.7.33-RXN|(expasy) Glucose-1-phosphate cytidylyltransferase [2.7.7.33]	0.721015585327351	0.230792183310014	0.036064569247127	8.88973383000201e-17	0.0121276621155085
2.7.7.39-RXN|(expasy) Glycerol-3-phosphate cytidylyltransferase [2.7.7.39]	0.734512956497435	0.257680007104181	0.00382480022552373	6.39683313726888e-12	0.00398223616646446
2.7.7.40-RXN|(expasy) D-ribitol-5-phosphate cytidylyltransferase [2.7.7.40]	0.764430927904644	0.211472275382416	0.00554347048664612	0.0136296654595792	0.00492366076671493
2.7.7.60-RXN|(expasy) 2-C-methyl-D-erythritol 4-phosphate cytidylyltransferase [2.7.7.60]	0.623950777135161	0.370328588093817	0.00436770655393819	0	0.00135292821708361
2.7.7.8-RXN|(expasy) Polyribonucleotide nucleotidyltransferase [2.7.7.8]	0.977710143499941	0.0124573420638145	1.64142564428389e-05	0	0.00981610017980172
2.7.8.25-RXN|(expasy) Triphosphoribosyl-dephospho-CoA synthase [2.4.2.52]	0.378177206909347	0.607555899065814	0.0133342898880703	1.30345111682881e-15	0.00093260413676673
2.7.8.6-RXN|(expasy) Undecaprenyl-phosphate galactose phosphotransferase [2.7.8.6]	0.949315136496583	0	0.017634662789927	0	0.0330502007134902
2.7.9.3-RXN|(expasy) Selenide, water dikinase [2.7.9.3]	0.491539263764866	0.493645874036411	0.00174335184466262	2.61198210362809e-14	0.0130715103540348
2.8.1.6-RXN|(expasy) Biotin synthase [2.8.1.6]	0.969032110983603	0	0.00287395796951938	0	0.0280939310468773
2.8.3.10-RXN|(expasy) Citrate CoA-transferase [2.8.3.10]	0.382755247873802	0.611361168085804	0.00349820397193232	4.25067290093129e-15	0.00238538006845741
2.8.3.9-RXN|(expasy) Butyrate--acetoacetate CoA-transferase [2.8.3.9]	0.982080600092156	0	0.0118590160792949	0	0.006060383828549
2.9.1.1-RXN|(expasy) L-seryl-tRNA(Sec) selenium transferase [2.9.1.1]	0.579878639284136	0.407195166247493	0.010796372190335	0	0.00212982227803515
23-DIMETHYLMALATE-LYASE-RXN|(expasy) 2,3-dimethylmalate lyase [4.1.3.32]	0.95159008382359	0	0.0421028646084724	0	0.00630705156793802
2PGADEHYDRAT-RXN|(expasy) Phosphopyruvate hydratase [4.2.1.11]	0.893339809648152	0.0889768463938507	0.0176731166536758	9.22404389585626e-12	1.02272950978171e-05
2TRANSKETO-RXN|(expasy) Transketolase [2.2.1.1]	0.465602615952765	0.515911598035582	0.0112074762586578	0	0.00727830975299506
3-CH3-2-OXOBUTANOATE-OH-CH3-XFER-RXN|(expasy) 3-methyl-2-oxobutanoate hydroxymethyltransferase [2.1.2.11]	0.954868898607124	0.0445962410744582	0.000506663276518992	0	2.81970418990886e-05
3-DEHYDRO-L-GULONATE-2-DEHYDROGENASE-RXN|(expasy) 3-dehydro-L-gulonate 2-dehydrogenase [1.1.1.130]	0.681364181808223	0.238616040005851	0.0752416974449129	0.00439796893993783	0.00038011180107527
3-DEHYDROQUINATE-DEHYDRATASE-RXN|(expasy) 3-dehydroquinate dehydratase [4.2.1.10]	0.875633895798741	0.120190279894502	0.000535778637746331	0	0.00364004566900996
3-DEHYDROQUINATE-SYNTHASE-RXN|(expasy) 3-dehydroquinate synthase [4.2.3.4]	0.633771366701254	0.36242509683371	0.00274666441117932	3.35794082133349e-15	0.00105687205385319
3-HYDROXBUTYRYL-COA-DEHYDRATASE-RXN|(expasy) 3-hydroxybutyryl-CoA dehydratase [4.2.1.55]	0.88024422113423	0.0856551578456431	0.0213811335554623	1.85695538436268e-13	0.0127194874644788
3-HYDROXYBUTYRYL-COA-DEHYDROGENASE-RXN|(expasy) 3-hydroxybutyryl-CoA dehydrogenase [1.1.1.157]	0.391010969025102	0.589589402793406	0.000786664278996503	0.0164737336978425	0.00213923020465279
3-HYDROXYDECANOYL-ACP-DEHYDR-RXN|(expasy) 3-hydroxyacyl-[acyl-carrier-protein] dehydratase [4.2.1.59]	0.934836257321097	0.0349120308745079	0.0012214135318732	0	0.0290302982725223
3-HYDROXYISOBUTYRATE-DEHYDROGENASE-RXN|(expasy) 3-hydroxyisobutyrate dehydrogenase [1.1.1.31]	0.927278788843988	0.0638612592999725	0.00476630131596666	0	0.00409365054007309
3-NUCLEOTID-RXN|(expasy) 3-nucleotidase [3.1.3.6]	0.667516436711913	0.174241518061342	0.0105298899277484	0.106630658377037	0.0410814969219592
3-OXOACYL-ACP-REDUCT-RXN|(expasy) 3-oxoacyl-[acyl-carrier-protein] reductase [1.1.1.100]	0.657350756340993	0.341546696326241	0.000585700467199387	1.67887040381371e-10	0.000516846697679923
3-OXOACYL-ACP-SYNTH-BASE-RXN|(expasy) AMBIGUOUS [2.3.1.179; 2.3.1.41]	0.87111602709033	0.120152069871747	0.00872558402911231	1.07470887889771e-12	6.31900773594971e-06
3-OXOACYL-ACP-SYNTH-RXN|(expasy) AMBIGUOUS [2.3.1.179; 2.3.1.41]	0.994647616722622	0	0.00257123031115925	0	0.00278115296621826
3-OXOADIPATE-ENOL-LACTONASE-RXN|(expasy) 3-oxoadipate enol-lactonase [3.1.1.24]	0.969373577069888	7.27299208652446e-14	0.0183499656682562	0.00758383240348646	0.00469262485829624
3-OXOSTEROID-1-DEHYDROGENASE-RXN|(expasy) 3-oxosteroid 1-dehydrogenase [1.3.99.4]	0.936470583656859	0.0588350064117657	7.28040311339266e-06	0	0.00468712952826172
3.1.1.47-RXN|(expasy) 1-alkyl-2-acetylglycerophosphocholine esterase [3.1.1.47]	0.959866193270405	0	0.0300889987566625	0	0.010044807972932
3.1.1.64-RXN|(metacyc) all-trans-retinyl-palmitate hydrolase [3.1.1.1]	0.372275362162641	0.610432470275762	0.0162870942782592	0	0.00100507328333777
3.1.1.72-RXN|(expasy) Acetylxylan esterase [3.1.1.72]	0.655720692888519	0.299415250091373	0.0280950361917822	0.0167667612415282	2.25958679762588e-06
3.1.11.2-RXN|(expasy) Exodeoxyribonuclease III [3.1.11.2]	0.52484531041005	0.452351174274644	0.022306120005584	1.34871874612931e-12	0.000497395308372456
3.1.11.6-RXN|(expasy) Exodeoxyribonuclease VII [3.1.11.6]	0.45775652783838	0.535231807882196	0.00575079816427908	1.19972272822308e-14	0.00126086611513341
3.1.13.1-RXN|(expasy) Exoribonuclease II [3.1.13.1]	0.621234939073814	0.365487673735253	0.0131273948562953	0	0.000149992334638067
3.1.13.5-RXN|(expasy) Ribonuclease D [3.1.13.5]	0.483824437169887	0.474652990160977	0.00160561117056088	0.0116032795820667	0.0283136819165081
3.1.21.2-RXN|(expasy) Deoxyribonuclease IV [3.1.21.2]	0.831659874276314	0.158546282653752	1.81489166573601e-05	0	0.00977569415327672
3.1.21.3-RXN|(expasy) Type I site-specific deoxyribonuclease [3.1.21.3]	0.838962173561766	0.16002282535076	0.000931006008750598	8.13374901595708e-09	8.39869449744431e-05
3.1.21.4-RXN|(expasy) Type II site-specific deoxyribonuclease [3.1.21.4]	0.592815570489668	0.350074023715469	0.0291936617051261	0.012586479251018	0.0153302648387191
3.1.21.5-RXN|(expasy) Type III site-specific deoxyribonuclease [3.1.21.5]	0.852689478106403	0	0.0404224769878577	0.105575589305607	0.00131245560013261
3.1.21.7-RXN|(expasy) Deoxyribonuclease V [3.1.21.7]	0.958846508171119	0.0286693969243814	0.00915321768807004	0	0.00333087721642917
3.1.26.11-RXN|(expasy) Ribonuclease Z [3.1.26.11]	0.424692661938842	0.562453614551356	0.0061126982987299	0.00606210146139537	0.000678923749676701
3.1.26.12-RXN|(expasy) Ribonuclease E [3.1.26.12]	0.589427627278488	0.393492100938411	0.0145703988696085	8.13396714140114e-15	0.00250987291348447
3.1.26.3-RXN|(expasy) Ribonuclease III [3.1.26.3]	0.426534233489139	0.572656483684726	2.79316733525343e-05	0	0.000781351152782268
3.1.26.4-RXN|(expasy) Ribonuclease H [3.1.26.4]	0.588131274543238	0.406712727399641	0.0040648002144105	3.99004627573375e-14	0.0010911978426706
3.1.26.5-RXN|(expasy) Ribonuclease P [3.1.26.5]	0.291203896162864	0.69112020538536	0.0151119979797182	0	0.00256390047205729
3.1.26.8-RXN|(expasy) Ribonuclease M5 [3.1.26.8]	0.448372750984368	0.527666960439557	0.0239366750476578	0	2.36135284172322e-05
3.1.3.16-RXN|(expasy) Protein-serine/threonine phosphatase [3.1.3.16]	0.477808710564575	0.465197379881492	0.00895256861562557	0.0409260821342228	0.00711525880408428
3.1.4.1-RXN|(expasy) Phosphodiesterase I [3.1.4.1]	0.467184958107956	0.52061872977655	0.0111672651352057	1.76408937928945e-14	0.00102904698027077
3.1.4.17-RXN|(expasy) 3,5-cyclic-nucleotide phosphodiesterase [3.1.4.17]	0.937150008951343	0	0.0584456607948659	0	0.00440433025379111
3.11.1.3-RXN|(expasy) Phosphonopyruvate hydrolase [3.11.1.3]	0.734032666290176	0.107425501710816	0.000465962843087673	0.158058595520555	1.72736353657025e-05
3.2.1.1-RXN|(expasy) Alpha-amylase [3.2.1.1]	0.911494148203474	0.0883399416207799	0.00011094842961342	3.25668813408441e-11	5.49617135656872e-05
3.2.1.10-RXN|(expasy) Oligo-1,6-glucosidase [3.2.1.10]	0.521200866987185	0.455892734320867	0.0228374297594442	0	6.89689325046376e-05
3.2.1.131-RXN|(expasy) Xylan alpha-1,2-glucuronosidase [3.2.1.131]	0.65548566165609	0.324019434886919	0.0132811888877339	0.00202673627740181	0.00518697829185522
3.2.1.135-RXN|(expasy) Neopullulanase [3.2.1.135]	0.62655288068714	0.345813173046632	0.0266735003452867	0	0.000960445920940957
3.2.1.14-RXN|(expasy) Chitinase [3.2.1.14]	0.759840052655501	0.183243294735128	0.00224640086964661	0.0481537178125352	0.00651653392718893
3.2.1.141-RXN|(expasy) 4-alpha-D-((1->4)-alpha-D-glucano)trehalose trehalohydrolase [3.2.1.141]	0.983193331069902	0.0106293303617935	0.00408046360031084	2.32394896828474e-15	0.00209687496799139
3.2.1.156-RXN|(expasy) Oligosaccharide reducing-end xylanase [3.2.1.156]	0.624928656246874	0.347167021309698	0.0268870884130782	4.88625022143476e-15	0.0010172340303459
3.2.1.165-RXN|(expasy) Exo-1,4-beta-D-glucosaminidase [3.2.1.165]	0.759915086320157	0.168379084991851	8.1393611853033e-06	1.07477151956807e-13	0.0716976893266996
3.2.1.17-RXN|(expasy) Lysozyme [3.2.1.17]	0.791711939114815	0.191823194395969	0.0158788532555135	4.99987619947056e-05	0.000536014471708222
3.2.1.18-RXN|(expasy) Exo-alpha-sialidase [3.2.1.18]	0.975534678847512	0.0119454238626027	0.00386838917706413	4.13586507519369e-12	0.00865150810868479
3.2.1.21-RXN|(expasy) Beta-glucosidase [3.2.1.21]	0.878311442511754	0.0666336109826486	0.0039144622424085	0.0326897559525979	0.0184507283105912
3.2.1.23-RXN|(expasy) Beta-galactosidase [3.2.1.23]	0.387633524826809	0.611813895164205	0.000222166634634728	0	0.000330413374350959
3.2.1.25-RXN|(expasy) Beta-mannosidase [3.2.1.25]	0.989503128263646	0	0.000210677426389608	0	0.0102861943099644
3.2.1.3-RXN|(expasy) Glucan 1,4-alpha-glucosidase [3.2.1.3]	0.945590953482275	0.041046409136831	0.00140203637602053	1.28462412667011e-12	0.0119606010035893
3.2.1.37-RXN|(expasy) Xylan 1,4-beta-xylosidase [3.2.1.37]	0.823835202401972	0.125531867491006	0.0446161331641365	1.19376634750399e-13	0.0060167969427657
3.2.1.40-RXN|(expasy) Alpha-L-rhamnosidase [3.2.1.40]	0.881893842632567	0.040097152998069	0.00443417822235935	0.05921748876645	0.0143573373805548
3.2.1.49-RXN|(expasy) Alpha-N-acetylgalactosaminidase [3.2.1.49]	0.971160352734513	0.0254601494741878	7.55192983546874e-05	0	0.00330397849294483
3.2.1.50-RXN|(expasy) Alpha-N-acetylglucosaminidase [3.2.1.50]	0.992531341488914	0	0.000184208130031456	0	0.00728445038105479
3.2.1.52-RXN|(expasy) Beta-N-acetylhexosaminidase [3.2.1.52]	0.938700221590943	0.0508700723407684	0.0049329638178812	0	0.00549674225040701
3.2.1.55-RXN|(expasy) Non-reducing end alpha-L-arabinofuranosidase [3.2.1.55]	0.841730386348617	0.0937961169977119	0.0587370133129379	1.49103680857528e-14	0.00573648334071853
3.2.1.70-RXN|(expasy) Glucan 1,6-alpha-glucosidase [3.2.1.70]	0.682793979282659	0.279317107867227	0.0377409495565432	3.86474001718129e-14	0.000147963293532059
3.2.1.73-RXN|(expasy) Licheninase [3.2.1.73]	0.612999189973562	0.33668585366312	3.98838180316151e-05	0.0435789983472666	0.0066960741980201
3.2.1.78-RXN|(expasy) Mannan endo-1,4-beta-mannosidase [3.2.1.78]	0.655091580976441	0.319487595628693	0.0125083335334114	0.011028716566195	0.00188377329525972
3.2.1.8-RXN|(expasy) Endo-1,4-beta-xylanase [3.2.1.8]	0.967952177500672	0	0.00312454780712035	0	0.0289232746922075
3.2.1.80-RXN|(expasy) AMBIGUOUS [3.2.1.153; 3.2.1.80]	0.585977398506577	0.383858241216769	0.000189459320212754	0.00194617174101876	0.0280287292154221
3.2.1.82-RXN|(expasy) Exo-poly-alpha-digalacturonosidase [3.2.1.82]	0.568904131773423	0.376286794789073	0.00354077810973522	0.0256617410211444	0.0256065543066244
3.2.1.83-RXN|(expasy) Kappa-carrageenase [3.2.1.83]	0.524649671016027	0.420729789970812	0.00133479051446509	6.58263557814643e-20	0.0532857484986958
3.2.1.89-RXN|(expasy) Arabinogalactan endo-beta-1,4-galactanase [3.2.1.89]	0.911896045350328	0.0476902359693134	0.014880794037419	1.91892242096776e-11	0.0255329246237503
3.2.1.96-RXN|(expasy) Mannosyl-glycoprotein endo-beta-N-acetylglucosaminidase [3.2.1.96]	0.670325664844072	0.305525081487584	0.0201646704878121	0.00127633204636898	0.00270825113416324
3.2.1.99-RXN|(expasy) Arabinan endo-1,5-alpha-L-arabinosidase [3.2.1.99]	0.961500314059671	0.00993432810291963	0.00145542057107299	0	0.0271099372663361
3.2.2.15-RXN|(expasy) DNA-deoxyinosine glycosylase [3.2.2.15]	0.873325628805971	0.122045683160714	0.000130007856056138	0	0.00449868017725902
3.2.2.23-RXN|(expasy) DNA-formamidopyrimidine glycosylase [3.2.2.23]	0.447968536837617	0.526129131488853	0.0251488288928932	5.33344199128492e-16	0.000753502780636324
3.2.2.24-RXN|(expasy) ADP-ribosyl-[dinitrogen reductase] hydrolase [3.2.2.24]	0.718700319003102	0.241468698637014	0.0260935050244904	0.0126719474334458	0.00106552990194761
3.4.11.1-RXN|(expasy) AMBIGUOUS [3.4.11.1; 3.4.11.9]	0.681877970855289	0.314806019429067	0.00312537646422902	1.25213977653988e-11	0.000190633238893609
3.4.11.10-RXN|(expasy) Bacterial leucyl aminopeptidase [3.4.11.10]	0.686525282317472	0.310099273623531	0.00309997545785756	3.46735601088925e-12	0.000275468597671618
3.4.11.18-RXN|(expasy) Methionyl aminopeptidase [3.4.11.18]	0.33235164084893	0.66004977923559	0.0075985657826201	0	1.41328594638555e-08
3.4.11.2-RXN|(expasy) AMBIGUOUS [3.4.11.14; 3.4.11.2]	0.54656105272288	0.441299111525828	0.00190684842327619	0.0033928077144044	0.00684017961361177
3.4.11.4-RXN|(expasy) Tripeptide aminopeptidase [3.4.11.4]	0.721037059746632	0.254165021805225	0.0219175239210051	6.67550828640051e-10	0.00288039385958666
3.4.11.5-RXN|(expasy) Prolyl aminopeptidase [3.4.11.5]	0.549265661770248	0.421996163204935	0.0286862902033125	6.16492624511658e-13	5.18848208888887e-05
3.4.11.6-RXN|(expasy) Aminopeptidase B [3.4.11.6]	0.859003217720491	0.0484030230171788	0.0049707977457456	4.00576950434837e-12	0.0876229615125789
3.4.11.9-RXN|(expasy) Xaa-Pro aminopeptidase [3.4.11.9]	0.965730834634975	0.0249377372931761	0.00241199294980172	0	0.00691943512204705
3.4.13.18-RXN|(expasy) Cytosol nonspecific dipeptidase [3.4.13.18]	0.997283209158824	0	0.0023691855918962	0	0.000347605249279432
3.4.13.20-RXN|(expasy) Beta-Ala-His dipeptidase [3.4.13.20]	0.893731036300098	0.0546495945125648	0.0365268207155663	1.5056224917258e-15	0.0150925484717693
3.4.13.21-RXN|(expasy) Dipeptidase E [3.4.13.21]	0.995826812445824	6.07319666012512e-17	0.00414176994174665	0	3.14176124292427e-05
3.4.13.22-RXN|(expasy) D-Ala-D-Ala dipeptidase [3.4.13.22]	0.976032296466472	3.59918547611725e-20	0.00722072337052636	2.94822827180128e-15	0.0167469801629988
3.4.13.9-RXN|(expasy) Xaa-Pro dipeptidase [3.4.13.9]	0.645537943867956	0.318933882197813	0.0354430759766953	0	8.50979575360977e-05
3.4.14.11-RXN|(expasy) Xaa-Pro dipeptidyl-peptidase [3.4.14.11]	0.425198632329454	0.553444205612526	0.0210886803076632	9.75538597296612e-13	0.000268481749381719
3.4.14.12-RXN|(expasy) Xaa-Xaa-Pro tripeptidyl-peptidase [3.4.14.12]	0.742193830364664	0.217095107544987	0.000954367388856644	0.0252888611176671	0.0144678335838261
3.4.14.4-RXN|(expasy) Dipeptidyl-peptidase III [3.4.14.4]	0.897596983140144	0.101077591763472	1.94920137859452e-05	1.57306067187697e-20	0.00130593308259878
3.4.14.5-RXN|(expasy) Dipeptidyl-peptidase IV [3.4.14.5]	0.768982226160841	0.172052990337331	0.0576161332642803	0	0.00134865023754774
3.4.15.5-RXN|(expasy) Peptidyl-dipeptidase Dcp [3.4.15.5]	0.99778709593552	0	6.78816269198201e-08	0	0.00221283618285335
3.4.16.4-RXN|(expasy) Serine-type D-Ala-D-Ala carboxypeptidase [3.4.16.4]	0.421746836163068	0.541965785497304	0.0111719925246574	0.0191552146006085	0.00596017121436171
3.4.17.13-RXN|(expasy) Muramoyltetrapeptide carboxypeptidase [3.4.17.13]	0.903184512450956	8.99654209170304e-16	0.00938142043336253	0.0868111484738409	0.000622918641839141
3.4.17.14-RXN|(expasy) Zinc D-Ala-D-Ala carboxypeptidase [3.4.17.14]	0.748341745133571	0.24919998243472	0.00213187482419079	3.04548382888637e-13	0.000326397607213465
3.4.17.19-RXN|(expasy) Carboxypeptidase Taq [3.4.17.19]	0.631130883980771	0.361172845767124	0.00568581116498921	7.01905961920425e-15	0.00201045908710943
3.4.17.8-RXN|(expasy) AMBIGUOUS [3.4.16.4; 3.4.17.8]	0.421746836163068	0.541965785497304	0.0111719925246574	0.0191552146006085	0.00596017121436171
3.4.19.11-RXN|(expasy) Gamma-D-glutamyl-meso-diaminopimelate peptidase [3.4.19.11]	0.883664856234369	0.0989003491101147	0.0137640018350092	0	0.0036707928205075
3.4.21.102-RXN|(expasy) C-terminal processing peptidase [3.4.21.102]	0.818189534719836	0.155272401187408	0.0145554654615587	0.0116717338986467	0.000310864732550688
3.4.21.105-RXN|(expasy) Rhomboid protease [3.4.21.105]	0.79708410011242	0.155882031422041	0.0163144643941792	0.018724971221235	0.011994432850125
3.4.21.107-RXN|(expasy) Peptidase Do [3.4.21.107]	0.950052710200972	6.8898159718756e-17	0.00268654626217735	0.0295098748741764	0.0177508686626739
3.4.21.108-RXN|(expasy) HtrA2 peptidase [3.4.21.108]	0.763640271675786	0.172092520845892	0.0191728984089866	0.0295488472474909	0.0155454618218446
3.4.21.116-RXN|(expasy) SpoIVB peptidase [3.4.21.116]	0.534600625404551	0.463192630796956	0.00057240037885474	0.00163334039153684	1.0030281012746e-06
3.4.21.26-RXN|(expasy) Prolyl oligopeptidase [3.4.21.26]	0.998051146776567	0	0.000695987472652839	0	0.00125286575077985
3.4.21.53-RXN|(expasy) Endopeptidase La [3.4.21.53]	0.721094970221196	0.277745110373994	0.000597730629787531	0	0.000562188775022963
3.4.21.62-RXN|(expasy) Subtilisin [3.4.21.62]	0.878078878031871	8.49314945973217e-12	0.0366580233126493	0.0358254576969863	0.0494376409499998
3.4.21.88-RXN|(expasy) Repressor LexA [3.4.21.88]	0.409157281412753	0.564230304997513	0.000148663218136493	0.0263299651288487	0.000133785242748374
3.4.21.89-RXN|(expasy) Signal peptidase I [3.4.21.89]	0.400470671465116	0.597451525520624	0.00171497752984769	6.96266169800138e-13	0.000362825483715992
3.4.21.92-RXN|(expasy) Endopeptidase Clp [3.4.21.92]	0.532728729455861	0.463134666649011	0.00245818830437437	1.10892883248469e-14	0.0016784155907423
3.4.22.40-RXN|(expasy) Bleomycin hydrolase [3.4.22.40]	0.566774310627377	0.409759795441033	0.0232526422729381	0	0.000213251658652189
3.4.22.8-RXN|(expasy) Clostripain [3.4.22.8]	0.859678102335411	0.0194200446256477	0.0148397180068454	0	0.106062135032096
3.4.23.43-RXN|(expasy) Prepilin peptidase [3.4.23.43]	0.915398020989664	0	0.00088965226350958	0	0.0837123267468266
3.4.24.3-RXN|(expasy) Microbial collagenase [3.4.24.3]	0.972836896448837	6.83260193947243e-18	0.0116320912114215	0.0148721465736667	0.000658865766074378
3.4.24.55-RXN|(expasy) Pitrilysin [3.4.24.55]	0.860941611490652	0.0850469206973138	0.000679074867621403	0.0376487816163901	0.0156836113280223
3.4.24.64-RXN|(expasy) Mitochondrial processing peptidase [3.4.24.64]	0.923107402528766	0.0142013956335722	0.0598966943440518	1.25293011592544e-12	0.00279450749235725
3.4.24.70-RXN|(expasy) Oligopeptidase A [3.4.24.70]	0.940852150879579	0.0506067900196055	0.000799394628828187	7.35709399735224e-11	0.00774166439841686
3.4.24.71-RXN|(expasy) Endothelin-converting enzyme 1 [3.4.24.71]	0.97846457369397	0.00495248223482464	0.00960692705418694	3.45736949280396e-15	0.00697601701701478
3.4.24.75-RXN|(expasy) Lysostaphin [3.4.24.75]	0.783725697276728	0.0759452703185922	0.0134150149551341	0.111595151271028	0.0153188661785172
3.4.25.1-RXN|(expasy) Proteasome endopeptidase complex [3.4.25.1]	0.962277361669606	0.0339663645387735	0.00244201385311279	0	0.00131425993850769
3.5.1.26-RXN|(expasy) N(4)-(beta-N-acetylglucosaminyl)-L-asparaginase [3.5.1.26]	0.840615749491478	0.0843753058770933	0.000355959754360747	0.0721266569080191	0.00252632796904929
3.5.1.27-RXN|(expasy) Peptide deformylase [3.5.1.88]	0.352557934127474	0.631846302338907	0.0155939222814387	0	1.84125218091223e-06
3.5.1.77-RXN|(expasy) N-carbamoyl-D-amino-acid hydrolase [3.5.1.77]	0.879289551441057	0.0368181125941337	0.000997283038226811	0	0.0828950529265827
3.5.1.80-RXN|(expasy) N-acetylglucosamine-6-phosphate deacetylase [3.5.1.25]	0.806335197346431	0.189937520599812	1.24282371640542e-05	1.06103221825904e-20	0.00371485381659231
3.5.1.81-RXN|(expasy) N-acyl-D-amino-acid deacylase [3.5.1.81]	0.841475472609616	0.119519393864898	0.0383194690072421	4.32791785053188e-11	0.000685664474964069
3.5.1.88-RXN|(expasy) Peptide deformylase [3.5.1.88]	0.352557934127474	0.631846302338907	0.0155939222814387	0	1.84125218091223e-06
3.5.1.91-RXN|(expasy) N-substituted formamide deformylase [3.5.1.91]	0.830491430236282	0.0216795359949089	0.0309224749990653	0.0401235503207847	0.0767830084489587
3.5.4.30-RXN|(expasy) dCTP deaminase (dUMP-forming) [3.5.4.30]	0.629529120087578	0.322694526851808	0.0342268348033508	0.00895644963599161	0.00459306862127118
3.6.1.41-RXN|(expasy) Bis(5-nucleosyl)-tetraphosphatase (symmetrical) [3.6.1.41]	0.980276484442761	0	0.00182317971893498	0	0.0179003358383045
3.6.3.28-RXN|(expasy) ABC-type phosphonate transporter [7.3.2.2]	0.59827564217214	0.373060700493292	0.0286621812774337	4.20644328811635e-17	1.47605713382063e-06
3.8.1.8-RXN|(expasy) Atrazine chlorohydrolase [3.8.1.8]	0.664492232420839	0.183230305589924	0.00670700522440436	0.108244142926853	0.0373263138379797
325-BISPHOSPHATE-NUCLEOTIDASE-RXN|(expasy) 3(2),5-bisphosphate nucleotidase [3.1.3.7]	0.626349129844602	0.357743119313695	0.00373891847552569	0.0095394747935868	0.00262935757259061
3OHSTEROXRED-RXN|(expasy) 3-alpha-hydroxybile acid CoA 3-dehydrogenase [1.1.1.395]	0.5618174985208	0.390363246591819	0.0262750494457665	0.0214935689353012	5.06365063135209e-05
3PGAREARR-RXN|(expasy) Phosphoglycerate mutase (2,3-diphosphoglycerate-independent) [5.4.2.12]	0.952658484783156	0.0402464934550727	0.00480381983482122	1.79623793229018e-13	0.00229120192677002
4-CARBOXYMUCONOLACTONE-DECARBOXYLASE-RXN|(expasy) 4-carboxymuconolactone decarboxylase [4.1.1.44]	0.482305050363498	0.514510808425033	0.00301797269233319	5.01080446640216e-15	0.00016616851913037
4-PYRIDOXOLACTONASE-RXN|(expasy) 4-pyridoxolactonase [3.1.1.27]	0.902345569399523	0.0698171904787037	0.00605565295224397	1.59642927128465e-12	0.0217815871679331
4.1.1.32-RXN|(expasy) Phosphoenolpyruvate carboxykinase (GTP) [4.1.1.32]	0.578480809648458	0.399341987528686	0.00878330744412226	8.42629783772409e-16	0.0133938953787329
4.1.1.76-RXN|(expasy) Arylmalonate decarboxylase [4.1.1.76]	0.848181123344438	0.0710288867293227	0.0163303603830441	0.0614980734801547	0.00296155606304108
4.1.1.82-RXN|(expasy) Phosphonopyruvate decarboxylase [4.1.1.82]	0.7702338013128	0.213022445769554	0.00397241600596535	0.0110910387039428	0.00168029820773763
4.1.1.83-RXN|(expasy) 4-hydroxyphenylacetate decarboxylase [4.1.1.83]	0.873072095673762	0.0673661115790984	1.69835141007499e-05	1.44055791063897e-19	0.0595448092330393
4.1.2.29-RXN|(expasy) 5-dehydro-2-deoxyphosphogluconate aldolase [4.1.2.29]	0.8068792539365	0.181393945697135	0.0104484205577249	7.51307115167219e-11	0.00127837973351017
4.1.2.42-RXN|(expasy) D-threonine aldolase [4.1.2.42]	0.611635117487155	0.341362516208187	0.00186213063224114	2.46958177560847e-09	0.045140233202835
4.2.1.58-RXN|(metacyc) (3R)-3-hydroxybutanoyl-[acyl-carrier-protein] hydratase [4.2.1.59]	0.934836257321097	0.0349120308745079	0.0012214135318732	0	0.0290302982725223
4.2.1.59-RXN|(expasy) 3-hydroxyacyl-[acyl-carrier-protein] dehydratase [4.2.1.59]	0.934836257321097	0.0349120308745079	0.0012214135318732	0	0.0290302982725223
4.2.1.61-RXN|(expasy) 3-hydroxyacyl-[acyl-carrier-protein] dehydratase [4.2.1.59]	0.934836257321097	0.0349120308745079	0.0012214135318732	0	0.0290302982725223
4.2.1.99-RXN|(expasy) 2-methylisocitrate dehydratase [4.2.1.99]	0.490559116254555	0.49879549675435	0.00964439282675547	8.16473476466549e-16	0.00100099416433878
4.2.2.2-RXN|(expasy) Pectate lyase [4.2.2.2]	0.854414876177514	0.139612120249647	0.00261322103841327	0.0021242879113133	0.00123549462311249
4.2.2.7-RXN|(expasy) Heparin lyase [4.2.2.7]	0.895390169782898	0.0919352544280979	0.00736933664215365	0.00528099420220858	2.42449446423614e-05
