Residuals	timepoint	genotype	number_of_pups_scaled	lipocalin2_pg_ml_scaled
ASV1|Bacteroidota|Rikenellaceae	0.6484879418544	0.25132191080773	0.0917438378793038	0.00699090456136922	0.001455404897197
ASV3|Bacteroidota|Muribaculaceae	0.667302063921676	0.321943772141469	5.06957046586589e-12	0.00532084568922357	0.00543331824256146
ASV4|Firmicutes|Lactobacillaceae	0.395763375073916	0.552404917293841	0.0162971136369291	0.0237326041765552	0.0118019898187581
ASV11|Bacteroidota|Bacteroidaceae	0.477031798391954	0.49774778520167	0.0204763393469147	0.00472571520440479	1.83618550567549e-05
ASV15|Firmicutes|Lachnospiraceae	0.579827884855018	0.32404725213575	0.0691993983625462	0.0264988615319131	0.000426603114773382
ASV17|Firmicutes|Erysipelotrichaceae	0.538337374299236	0.335908699467039	0.106947830805232	0.000668775445154508	0.0181373199833385
ASV18|Bacteroidota|Marinifilaceae	0.727169618493473	0.0862081177905477	0.118028226820469	0.0676257294873645	0.000968307408145113
ASV28|Bacteroidota|Prevotellaceae	0.666829783072959	0.317566308709561	0.010503282248186	6.65124091246516e-07	0.00509996084520235
ASV53|Firmicutes|unknown	0.736619440770057	0.190567464412116	0.02211437220674	0.0498986830057738	0.00080003960531267
ASV62|Campylobacterota|Helicobacteraceae	0.456482385423612	0.521990422933957	3.41617163231898e-15	0.00145875129743267	0.0200684403449951
ASV67|Firmicutes|Ruminococcaceae	0.751514600934324	0.21338527405383	1.85480666125092e-12	0.0343779191713566	0.00072220583863446
ASV73|Deferribacterota|Deferribacteraceae	0.613580908006068	0.323050105491659	0.0265906880285016	0.0299966908415315	0.0067816076322405
ASV74|Cyanobacteria|unknown	0.966844113574028	0.00556582895701712	1.22269349041832e-22	0.00646455135937619	0.0211255061095787
ASV82|Bacteroidota|Tannerellaceae	0.357020393364063	0.578784356818719	0.062967469330866	0.000496845114075157	0.000730935372276806
ASV87|Proteobacteria|Sutterellaceae	0.71467214920842	0.218574537103472	0.0262605796662634	0.0353810900154879	0.00511164400635744
ASV93|Desulfobacterota|Desulfovibrionaceae	0.845902779506319	0.0763912703567411	0.00461271237024394	0.0721804090795106	0.000912828687185745
ASV99|Firmicutes|Oscillospiraceae	0.735245935788848	0.196817355824967	0.0452870641930486	0.0193824918160851	0.00326715237705168
ASV105|Firmicutes|Clostridiaceae	0.697519314320737	0.196054279265894	0.077550655137492	2.63167894645581e-05	0.0288494344864124
ASV117|Actinobacteriota|Eggerthellaceae	0.269228972602202	0.723145198543255	0.0059018839459089	5.54102165365084e-06	0.00171840388698005
ASV121|Firmicutes|[Eubacterium] coprostanoligenes group	0.963985074242003	0.00228017856697819	0.00704867728288705	0.0122728490763028	0.0144132208318287
ASV137|Firmicutes|unknown	0.752467467000118	0.22517100156981	3.57865906352933e-11	0.0205525303169708	0.00180900107731459
ASV139|Firmicutes|Peptococcaceae	0.683698154639026	0.23271214722693	0.0338355983926183	0.037663902445772	0.0120901972956533
ASV147|Firmicutes|Peptostreptococcaceae	0.886850961051868	0	0.0602157981281978	0.00282637257141306	0.0501068682485213
ASV148|Firmicutes|Anaerovoracaceae	0.929273194229249	0.0493944490235317	0	0.00361458905475948	0.0177177676924601
ASV182|Firmicutes|Butyricicoccaceae	0.581427780276929	0.320979181618086	0.0524136569762589	0.0436137631687582	0.00156561795996831
ASV215|Firmicutes|unknown	0.843432192835924	0.0548675245663491	0.0327443407225762	0.000865519510453755	0.0680904223646966
