Residuals	timepoint	genotype	number_of_pups_scaled	lipocalin2_pg_ml_scaled
ASV1|Bacteroidota|Rikenellaceae|Alistipes.spec.	0.99224688680423	0.00601910747031569	2.33646954490456e-15	0.00100805702147585	0.000725948703975904
ASV2|Firmicutes|Lachnospiraceae|A2.spec.	0.913604547358101	0	0.0199220959983896	0.0663482294742051	0.000125127169303917
ASV3|Bacteroidota|Muribaculaceae|unknown.spec.	0.466783678668757	0.399278082974942	0.119242219875542	0.0131615727045461	0.00153444577621179
ASV4|Firmicutes|Lactobacillaceae|Lactobacillus.johnsonii	0.717750648992902	0.192907965138221	0.0419076854954623	0.0465817609672797	0.000851939406134951
ASV5|Bacteroidota|Muribaculaceae|unknown.spec.	0.455563166083365	0.446269048011484	0.0784369670026227	0.0196392901234789	9.15287790491603e-05
ASV6|Bacteroidota|Rikenellaceae|Alistipes.spec.	0.714417628296683	0.28514272193782	4.10753613252428e-14	0.0004290926917237	1.05570737324217e-05
ASV7|Bacteroidota|Muribaculaceae|unknown.spec.	0.575414069764595	0.376895557311752	0.0336329754251376	0.0134073661208969	0.000650031377618393
ASV8|Bacteroidota|Muribaculaceae|unknown.spec.	0.767638726317029	0.187936287349677	0.0231346406112394	0.0202009164658281	0.0010894292562269
ASV9|Bacteroidota|Muribaculaceae|unknown.spec.	0.956503220419088	0	0	0.0393505101416762	0.00414626943923592
ASV10|Firmicutes|Lachnospiraceae|Lachnospiraceae NK4A136 group.spec.	0.865044258662711	0.130417007660142	1.20014681435758e-12	0.00134607331631408	0.00319266035963334
ASV11|Bacteroidota|Bacteroidaceae|Bacteroides.acidifaciens	0.551140097854625	0.402614139148794	0.0408107046366839	0.000122405264777327	0.00531265309511972
ASV12|Bacteroidota|Muribaculaceae|unknown.spec.	0.74004418474672	0.239374893621504	0	0.0118746428117655	0.00870627882001007
ASV13|Firmicutes|Lactobacillaceae|Ligilactobacillus.spec.	0.491580164721607	0.426369018619997	0.0578219692103247	0.00180147565188376	0.0224273717961876
ASV14|Firmicutes|Lachnospiraceae|Lachnospiraceae NK4A136 group.bacterium	0.978004339365999	9.19317021127285e-17	0.0125437108409019	0.00360835581709728	0.0058435939760014
ASV15|Firmicutes|Lachnospiraceae|Lachnospiraceae UCG-001.spec.	0.663620973911053	0.279685206716156	0.0476030140386129	0.00629091194813301	0.00279989338604461
ASV16|Bacteroidota|Muribaculaceae|unknown.spec.	0.810529856865952	6.27235971857663e-11	0.106490876053707	0.0341525547736433	0.0488267122439741
ASV17|Firmicutes|Erysipelotrichaceae|Turicibacter.spec.	0.53719776524504	0.326315552899588	0.121976990117926	9.09352026795599e-05	0.0144187565347662
ASV18|Bacteroidota|Marinifilaceae|Odoribacter.spec.	0.922936458841332	0	0.0651512594465033	0.00799046652014612	0.00392181519201837
ASV19|Bacteroidota|Muribaculaceae|unknown.spec.	0.895564292634241	0.0298429347929847	0.0577728226475579	0.0011770358856424	0.0156429140395737
ASV20|Bacteroidota|Marinifilaceae|Odoribacter.spec.	0.903721161009136	0	0.000474417234029295	0.0633415959334226	0.0324628258234117
ASV21|Bacteroidota|Muribaculaceae|unknown.spec.	0.513720298872177	0.397005835788441	0.0810940485783019	0.00763763851052211	0.000542178250557883
ASV22|Firmicutes|Lachnospiraceae|Lachnospiraceae NK4A136 group.bacterium	0.906344505957355	0.0653707319163213	0.00646224802816424	0.0171885845048776	0.00463392959328174
ASV23|Bacteroidota|Muribaculaceae|unknown.spec.	0.796983721609516	0.120993277980758	0	0.0812244894861483	0.000798510923576691
ASV24|Bacteroidota|Rikenellaceae|Alistipes.spec.	0.937640849149558	0.0620685315533028	9.45393943700685e-16	0.000290551403929653	6.78932083619268e-08
ASV25|Bacteroidota|Muribaculaceae|unknown.spec.	0.554710177048931	0.380802957338879	0.0569920622762561	0.00546354779488144	0.00203125554105255
ASV26|Bacteroidota|Muribaculaceae|unknown.spec.	0.986880774646237	0	0	0.00106946660311146	0.0120497587506515
ASV27|Firmicutes|Lachnospiraceae|Marvinbryantia.spec.	0.97320475486643	0.0158603759950284	3.58523916724559e-22	0.00676876222436163	0.0041661069141795
ASV28|Bacteroidota|Prevotellaceae|Alloprevotella.spec.	0.737478317869091	0.212001946262229	0.0377582890958902	0.000139240511667622	0.0126222062611224
ASV29|Bacteroidota|Muribaculaceae|unknown.spec.	0.970030481604912	0	0.0168421752354952	0.0125025565199272	0.000624786639665851
ASV30|Bacteroidota|Muribaculaceae|unknown.spec.	0.559488599311309	0.378088982384748	0.0374535504667318	0.0245381052674575	0.000430762569754288
ASV31|Bacteroidota|Rikenellaceae|Alistipes.spec.	0.806394908041795	0.063314987329773	0.128417423064115	0.000652464559304052	0.00122021700501324
ASV32|Bacteroidota|Muribaculaceae|unknown.spec.	0.745396809237575	0.248271046304847	2.15192689115348e-11	0.00553743802853562	0.000794706407523013
ASV33|Bacteroidota|Rikenellaceae|Rikenellaceae RC9 gut group.spec.	0.861951826525503	0.10671881924897	0	0.00974699779790203	0.0215823564276245
ASV34|Firmicutes|Lachnospiraceae|Lachnospiraceae NK4A136 group.spec.	0.912271560904432	0.0742317856784981	1.88823838269232e-13	0.00381666791545796	0.00967998550142327
ASV35|Bacteroidota|Muribaculaceae|unknown.spec.	0.963394221647557	0	0	0.0167701065786355	0.0198356717738075
ASV36|Firmicutes|Lachnospiraceae|Roseburia.spec.	0.765516613136849	0.190908699416661	0.0108563570779515	0.0323667255716182	0.000351604796919885
ASV37|Bacteroidota|Muribaculaceae|unknown.spec.	0.833151412108287	0.118116332639524	0	0.0349880045239762	0.0137442507282124
ASV38|Firmicutes|Lachnospiraceae|A2.spec.	0.93886993441815	0	0	0.0569505122132686	0.00417955336858121
ASV39|Firmicutes|Lachnospiraceae|Roseburia.spec.	0.80234940034256	0.176716586342975	0.0200051011336729	0.000837039990671637	9.18721901197366e-05
ASV40|Bacteroidota|Muribaculaceae|unknown.spec.	0.579386301263455	0.335825203764304	0.0693732908607493	0.0153612668840064	5.39372274856154e-05
ASV41|Bacteroidota|Muribaculaceae|unknown.spec.	0.959447999478762	0.013330990275846	1.98985345597123e-18	0.0029941400265996	0.0242268702187925
ASV42|Bacteroidota|Muribaculaceae|unknown.spec.	0.887373876407329	0.0809035449553371	3.25723205431507e-14	0.0201197430537437	0.0116028355835573
ASV43|Firmicutes|Lachnospiraceae|Lachnospiraceae NK4A136 group.spec.	0.766435609356157	0.222231830584745	2.93983824230317e-14	0.000221714646693601	0.0111108454123753
ASV44|Bacteroidota|Muribaculaceae|unknown.spec.	0.667547180731515	0.324110667412857	0	0.000216124491436444	0.0081260273641916
ASV45|Firmicutes|Lactobacillaceae|Lactobacillus.intestinalis	0.808284821140019	0.105181837632624	0.0122161582720588	0.0724292341903854	0.00188794876491253
ASV46|Bacteroidota|Muribaculaceae|unknown.spec.	0.551042252092638	0.329674634588834	0.10584150777006	0.00284531746794027	0.0105962880805286
ASV47|Bacteroidota|Muribaculaceae|unknown.spec.	0.513885613353615	0.484021637239497	6.81350853163852e-17	0.00188890544159885	0.000203843965289503
ASV48|Bacteroidota|Bacteroidaceae|Bacteroides.spec.	0.522689279599319	0.443667135383931	0.0243786994629039	0.00311113661392387	0.0061537489399217
ASV49|Bacteroidota|Muribaculaceae|unknown.spec.	0.390749962156762	0.53732018342907	0.065118927522079	0.00650333591347433	0.000307590978614341
ASV50|Bacteroidota|Muribaculaceae|unknown.spec.	0.402404311621688	0.404324392872545	0.170281447127221	0.0213806971653665	0.00160915121317946
ASV51|Firmicutes|Lachnospiraceae|Lachnospiraceae NK4A136 group.spec.	0.785435361519801	0.196954782502199	3.98360040973892e-14	0.0159399408058787	0.00166991517208125
ASV52|Firmicutes|Lactobacillaceae|Lactobacillus.gasseri	0.695226865668831	0.301266937252685	3.76539534767162e-15	0.00102590469287155	0.00248029238560853
ASV53|Firmicutes|unknown|unknown.spec.	0.942794579275243	0	0	0.0539837821729741	0.00322163855178304
ASV54|Bacteroidota|Muribaculaceae|unknown.spec.	0.427694336617925	0.497167663496257	0.0667638779723572	0.00791120348519495	0.000462918428266369
ASV55|Firmicutes|Lachnospiraceae|Roseburia.spec.	0.959556859755258	0.0261598254172349	0.00689066181736551	0.000433476357581536	0.00695917665256034
ASV56|Bacteroidota|Muribaculaceae|unknown.spec.	0.945025301202027	0.0418927195502819	1.45069065461338e-15	0.00146107516846383	0.0116209040792261
ASV57|Bacteroidota|Rikenellaceae|Alistipes.spec.	0.704346057533675	0.202732236211181	0.0667333506205209	0.000103506683861599	0.0260848489507615
ASV58|Firmicutes|Lachnospiraceae|unknown.spec.	0.758346198627708	0.0889876140844698	0.0658792099009908	0.0818779132250429	0.00490906416178863
ASV59|Bacteroidota|Muribaculaceae|unknown.spec.	0.652051630161745	0.322879310980098	0.0246379475528973	0.000202653198880945	0.00022845810637826
ASV60|Bacteroidota|Muribaculaceae|unknown.spec.	0.750367289424402	0.225051912369721	1.86417940139763e-10	0.0245804441911459	3.53828313272326e-07
ASV61|Bacteroidota|Muribaculaceae|unknown.spec.	0.697736029332463	0.264631484916117	0.0272733929325366	0.00609886045897767	0.0042602323599051
ASV62|Campylobacterota|Helicobacteraceae|Helicobacter.hepaticus	0.514612057243711	0.47780298445695	0	0.00158379281136574	0.00600116548797367
ASV63|Firmicutes|Lactobacillaceae|HT002.spec.	0.607880245579768	0.367431767606352	0	0.0160099815080032	0.0086780053058773
ASV64|Firmicutes|Lachnospiraceae|A2.spec.	0.773585129973052	0.17169278224389	0.0541301041314448	7.14880028369589e-06	0.000584834851329893
ASV65|Firmicutes|Lachnospiraceae|Lachnospiraceae UCG-001.spec.	0.604317861568593	0.336476047342087	0.0549158434929415	0.00393328556107108	0.000356962035307873
ASV66|Bacteroidota|Bacteroidaceae|Bacteroides.acidifaciens	0.693308818644242	0.296713800805019	0	0.00931171459755901	0.000665665953179491
ASV67|Firmicutes|Ruminococcaceae|Anaerotruncus.spec.	0.748095190195852	0.236776886597203	7.11647839394191e-16	0.00583990596322661	0.00928801724371702
ASV68|Firmicutes|Lachnospiraceae|Lachnospiraceae FCS020 group.spec.	0.560452582353572	0.351719743615764	0.0423461641689349	0.0378220257789023	0.00765948408282691
ASV69|Firmicutes|Lachnospiraceae|Lachnospiraceae NK4A136 group.spec.	0.801986022751895	0.14409831652648	3.72194095917399e-13	0.0535663638608427	0.000349296860409713
ASV70|Bacteroidota|Muribaculaceae|unknown.spec.	0.529608988969196	0.360139358900845	0.0880337642295094	0.0214656347920927	0.000752253108357096
ASV71|Bacteroidota|Muribaculaceae|unknown.spec.	0.9393886167094	0	0	0.0577299660714926	0.00288141721910766
ASV72|Bacteroidota|Muribaculaceae|unknown.spec.	0.804203163011211	0.163458728642176	0	0.0248278413879196	0.0075102669586933
ASV73|Deferribacterota|Deferribacteraceae|Mucispirillum.schaedleri	0.672869020063502	0.293504519079153	0.000241720519512475	0.0175453629620239	0.0158393773758088
ASV74|Cyanobacteria|unknown|unknown.spec.	0.919633568056702	0.0486888106312409	1.57212378488599e-12	0.0060894146298155	0.0255882066806691
ASV75|Bacteroidota|Muribaculaceae|unknown.spec.	0.567373637494686	0.303638063089926	0.0944333833519667	0.034315279899226	0.000239636164194901
ASV76|Firmicutes|Lachnospiraceae|unknown.spec.	0.807742971281165	0.186844248165294	0	0.0052708142103412	0.000141966343199982
ASV77|Firmicutes|Lachnospiraceae|unknown.spec.	0.597786901415628	0.390576549856143	9.71839772802407e-14	0.0023051758608954	0.00933137286723597
ASV78|Firmicutes|Lachnospiraceae|unknown.spec.	0.662956089305922	0.227650666594669	0.077078720735559	0.0130185327383843	0.0192959906254648
ASV79|Firmicutes|Lachnospiraceae|Lachnospiraceae NK4A136 group.spec.	0.912518647248514	0.0431176457784263	0.0208395657324575	0.0217186660844988	0.0018054751561031
ASV80|Firmicutes|Lachnospiraceae|Lachnospiraceae NK4A136 group.bacterium	0.966494835994272	0	0	7.60606434031533e-05	0.0334291033623251
ASV81|Bacteroidota|Prevotellaceae|Prevotellaceae UCG-001.spec.	0.665323394112725	0.269543575861299	0.00126437284877533	0.0629391793871006	0.000929477790099966
ASV82|Bacteroidota|Tannerellaceae|Parabacteroides.distasonis	0.371053501500717	0.505539146104338	0.119850977515568	0.00124637830672106	0.00230999657265525
ASV83|Firmicutes|Lactobacillaceae|Ligilactobacillus.spec.	0.46707966922863	0.428870526469671	0.0836557921252946	0.00803359696350284	0.0123604152129022
ASV84|Firmicutes|unknown|unknown.spec.	0.994216386037537	0	0	0.00431934844330299	0.00146426551915978
ASV85|Firmicutes|Lachnospiraceae|Lachnospiraceae NK4A136 group.spec.	0.764749710336315	0.206312889038612	0.014829961373094	0.00336085955318497	0.0107465796987934
ASV86|Bacteroidota|Muribaculaceae|Muribaculum.spec.	0.727667375612527	0.117686665918065	0.0923810844962419	0.0621422229114658	0.000122651061700602
ASV87|Proteobacteria|Sutterellaceae|Parasutterella.spec.	0.70150859106498	0.273974746359244	0.0016954685913223	0.0126916968597968	0.0101294971246566
ASV88|Firmicutes|Lachnospiraceae|[Eubacterium] xylanophilum group.spec.	0.774688407489786	0.197063421313722	0	0.00451069894442103	0.0237374722520708
ASV89|Firmicutes|Lachnospiraceae|Lachnospiraceae NK4A136 group.bacterium	0.995655257630699	0	2.53886278821824e-17	0.00113368487447116	0.00321105749482985
ASV90|Firmicutes|Oscillospiraceae|Colidextribacter.spec.	0.804507855543162	0.110995124005499	0	0.0116623338547445	0.072834686596594
ASV91|Bacteroidota|Muribaculaceae|unknown.spec.	0.513564906737522	0.397339369504912	0.0497220512983429	0.029722423305305	0.00965124915391812
ASV92|Firmicutes|Lachnospiraceae|Lachnospiraceae NK4A136 group.spec.	0.829639720698011	0.12455475201487	0.00124525384483828	0.0109045231534442	0.0336557502888366
ASV93|Desulfobacterota|Desulfovibrionaceae|Desulfovibrio.spec.	0.902433968413358	0	0.0121338502008521	0.0830133266119578	0.00241885477383223
ASV94|Firmicutes|Lachnospiraceae|unknown.spec.	0.920726121763223	0.0677896045761624	0.00563026585544767	0.00579400390778355	6.00038973829905e-05
ASV95|Firmicutes|Lactobacillaceae|HT002.spec.	0.532910033884882	0.406986947254349	6.84825811579676e-16	6.38206288226633e-05	0.0600391982319458
ASV96|Firmicutes|Lachnospiraceae|Lachnospiraceae NK4A136 group.spec.	0.90840424186019	0.0694269087671937	1.58095741904792e-13	0.00350416060996504	0.0186646887624936
ASV97|Bacteroidota|Muribaculaceae|unknown.spec.	0.38824721917257	0.439478277179079	0.126422625272968	0.0427874218200516	0.00306445655533127
ASV98|Firmicutes|Lactobacillaceae|Lactobacillus.johnsonii	0.652120090469084	0.271003117160664	0.039340871099817	0.0375288348706265	7.08639980884213e-06
ASV99|Firmicutes|Oscillospiraceae|Oscillibacter.spec.	0.795182895067753	0.194444086818696	0	0.00599226136531724	0.00438075674823379
ASV100|Firmicutes|Lachnospiraceae|Lachnoclostridium.spec.	0.90937655869635	0.0111196690558474	0.0353317360992338	0.0138803199641113	0.030291716184458
ASV101|Proteobacteria|Sutterellaceae|Parasutterella.spec.	0.8424893397823	0.111428921940924	0.00110514620865508	0.0316582165020287	0.0133183755660917
ASV102|Bacteroidota|Bacteroidaceae|Bacteroides.acidifaciens	0.829993968193856	0.0996241457342161	0.0475658356103582	0.0215573764236561	0.00125867403791329
ASV103|Bacteroidota|Muribaculaceae|Muribaculum.spec.	0.915411743360401	0.0301356098087205	0	0.00632214555524052	0.0481305012756381
ASV104|Firmicutes|Oscillospiraceae|unknown.spec.	0.923749878107915	0.0193428875090685	9.43354763912462e-13	0.0374984525273926	0.0194087818546807
ASV105|Firmicutes|Clostridiaceae|Candidatus Arthromitus.spec.	0.761911753729828	0.151548860881545	0.0531213549827849	0.000360684434758072	0.0330573459710838
ASV106|Firmicutes|Lachnospiraceae|unknown.spec.	0.859679783948717	0.138421765579493	0	0.00175023799852797	0.000148212473261402
ASV107|Firmicutes|Ruminococcaceae|unknown.spec.	0.847026969279193	0.100645069499374	1.12503238902648e-10	0.0104561091374647	0.0418718519714648
ASV108|Firmicutes|Oscillospiraceae|unknown.spec.	0.939781572571558	2.37007293528267e-16	0.00114441297359583	0.0405402333529763	0.0185337811018691
ASV109|Firmicutes|Lactobacillaceae|HT002.spec.	0.404650944918044	0.568414553695227	0	0.0181981732450446	0.00873632814168383
ASV110|Firmicutes|Oscillospiraceae|unknown.spec.	0.752291682556997	0.228840217930478	1.25747568143256e-12	0.000552321351507937	0.0183157781597601
ASV111|Firmicutes|Lactobacillaceae|Ligilactobacillus.spec.	0.650522012862228	0.338968272022266	3.21739372193319e-14	0.0104689410009586	4.0774114515279e-05
ASV112|Bacteroidota|Muribaculaceae|unknown.spec.	0.876826646266806	0.11820436614801	4.87563799680733e-19	0.000195013227595545	0.00477397435758775
ASV113|Bacteroidota|Muribaculaceae|unknown.spec.	0.71477979400579	0.14888294613267	0.0647549298050522	0.0714543261694374	0.000128003887050074
ASV114|Firmicutes|Lachnospiraceae|unknown.spec.	0.934307631865581	0.056068967047743	4.17595413238039e-13	0.0051918283956039	0.00443157269065484
ASV115|Firmicutes|Oscillospiraceae|unknown.spec.	0.91099308079899	0.0746155851552574	0	0.0121085287656941	0.00228280528005869
ASV116|Firmicutes|Lachnospiraceae|unknown.spec.	0.980959386224608	0.0129566528167646	7.14738802145672e-14	0.00592032635793663	0.00016363460061891
ASV117|Actinobacteriota|Eggerthellaceae|Enterorhabdus.spec.	0.515719085456165	0.450964358545162	0.0300879842663302	0.00316618583491083	6.23858974317145e-05
ASV118|Bacteroidota|Muribaculaceae|unknown.spec.	0.833416610509771	0.165477082381142	1.415708235144e-11	0.000947293104169102	0.00015901399076022
ASV119|Firmicutes|Lactobacillaceae|HT002.spec.	0.415636193444424	0.56502067876299	3.00329007850827e-16	0.0123115088002199	0.00703161899236674
ASV120|Firmicutes|Lachnospiraceae|Lachnospiraceae NK4A136 group.spec.	0.973823156111797	0	0	0.00370036739891755	0.0224764764892858
ASV121|Firmicutes|[Eubacterium] coprostanoligenes group|unknown.spec.	0.928400756020284	0.0135336791096839	0.020316417676093	0.017970792604689	0.0197783545892498
ASV122|Bacteroidota|Muribaculaceae|unknown.spec.	0.657253039092663	0.256536257340976	0.0415674771245377	0.030506452952469	0.0141367734893539
ASV123|Firmicutes|Lactobacillaceae|HT002.spec.	0.489883453067231	0.491400350324592	0.0182810694860134	3.28375838032268e-05	0.000402289538360906
ASV124|Bacteroidota|Bacteroidaceae|Bacteroides.caecimuris	0.700293847710883	0.293218005006141	5.14316433559743e-22	0.000661560894529728	0.00582658638844601
ASV125|Firmicutes|Lachnospiraceae|unknown.spec.	0.841031057164926	0.119951374485051	1.92570082634776e-11	0.0279121361709361	0.0111054321598292
ASV126|Firmicutes|Ruminococcaceae|Ruminococcus.spec.	0.755539762380123	0.0935554495543966	0.120396515207492	0.00719183480815372	0.0233164380498351
ASV127|Firmicutes|Lachnospiraceae|[Eubacterium] xylanophilum group.spec.	0.919147254238671	0.0607628594429657	1.03173226236192e-10	0.000252290945535978	0.0198375952696544
ASV128|Firmicutes|Lachnospiraceae|Lachnospiraceae NK4A136 group.spec.	0.902746981021517	0.0936957031177948	0	0.0034354758508951	0.000121840009793015
ASV129|Firmicutes|Lachnospiraceae|Lachnospiraceae UCG-006.spec.	0.844608896543641	0.125087499590577	2.55473437530794e-13	0.00553948306252669	0.0247641208029998
ASV130|Bacteroidota|Muribaculaceae|unknown.spec.	0.508173005586288	0.461005710934406	0.0270574344219574	0.00177861014682402	0.00198523891052487
ASV131|Firmicutes|Lachnospiraceae|unknown.spec.	0.81833336071408	0.172373026381153	0.00781098128963599	0.000973917427577907	0.000508714187554153
ASV132|Firmicutes|Oscillospiraceae|Oscillibacter.spec.	0.681149384794649	0.254859535316413	0.00590616744103815	0.000155535952103348	0.0579293764957967
ASV133|Firmicutes|Lachnospiraceae|Lachnospiraceae NK4A136 group.spec.	0.838477884112947	0.0894144492654297	0.0371689290375875	0.00113485225856666	0.0338038853254697
ASV134|Firmicutes|Lachnospiraceae|unknown.spec.	0.863283311848772	0.124113311456225	0	0.00927277624125958	0.00333060045374354
ASV135|Firmicutes|Lachnospiraceae|Lachnospiraceae NK4A136 group.spec.	0.801953672719442	0.0327926385678105	0	0.0528403320814393	0.112413356631308
ASV136|Firmicutes|Lachnospiraceae|A2.spec.	0.868269489823157	0.00272320202980739	0.111961143651886	0.00457561841230031	0.0124705460828494
ASV137|Firmicutes|unknown|unknown.spec.	0.79824872900303	0.183825298762291	0	0.00470607307020843	0.013219899164471
ASV138|Firmicutes|Lachnospiraceae|ASF356.spec.	0.906675639661569	0.0673350963144679	2.34761313784532e-13	0.0147194133706097	0.0112698506531185
ASV139|Firmicutes|Peptococcaceae|unknown.spec.	0.779890092261206	0.163507905686887	0	0.0200655434018429	0.0365364586500642
ASV140|Firmicutes|Peptostreptococcaceae|Romboutsia.ilealis	0.860431761093369	0	0.0812559991858868	0.0175654595447282	0.0407467801760163
ASV141|Firmicutes|Lachnospiraceae|Lachnoclostridium.spec.	0.908294325645556	0.0470613267926301	0.00336840328954767	0.0324679463735043	0.0088079978987616
ASV142|Firmicutes|Lachnospiraceae|unknown.spec.	0.671061693308477	0.265838091261764	0.0162098423422435	0.0372514032471499	0.00963896984036625
ASV143|Bacteroidota|Rikenellaceae|Alistipes.spec.	0.696170551829436	0.209674312720205	0.0781720362649171	0.00243575253872871	0.0135473466467131
ASV144|Bacteroidota|Muribaculaceae|Muribaculum.spec.	0.919482861208668	0.0321738297744922	0	0.000980210945221152	0.0473630980716184
ASV145|Bacteroidota|Muribaculaceae|unknown.spec.	0.632164271884625	0.203700962081335	0.0847325073223757	0.0762777006191285	0.00312455809253602
ASV146|Firmicutes|Lachnospiraceae|unknown.spec.	0.722948082113054	0.143450675373264	0.111918059458897	0.0117283829744127	0.0099548000803725
ASV147|Firmicutes|Peptostreptococcaceae|Romboutsia.ilealis	0.879922657454052	3.87956481458977e-16	0.0869441908758885	0.000549934372273494	0.0325832172977859
ASV148|Firmicutes|Anaerovoracaceae|[Eubacterium] nodatum group.spec.	0.636524097802001	0.333245648754994	0.00368547044901676	0.024643439479227	0.00190134351476147
ASV149|Bacteroidota|Muribaculaceae|unknown.spec.	0.911933474742539	0	0.00601083884629394	0.0415036114743691	0.0405520749367978
ASV150|Bacteroidota|Muribaculaceae|unknown.spec.	0.901433784410206	3.38859757560108e-12	0.0537301865099374	0.00271135430360216	0.042124674772866
ASV151|Firmicutes|Lachnospiraceae|Lachnoclostridium.spec.	0.85024512941052	0.132096058107465	3.79512683941308e-16	0.00434374396713852	0.0133150685148761
ASV152|Firmicutes|Lachnospiraceae|Roseburia.spec.	0.869380029654372	0.102548168383977	2.59242121426364e-13	0.0264009681994617	0.00167083376193061
ASV153|Firmicutes|Ruminococcaceae|unknown.spec.	0.831942515861589	0.144843050683981	0.00514653167267906	0.00737179398553667	0.0106961077962137
ASV154|Firmicutes|Ruminococcaceae|unknown.spec.	0.88457359241959	0.0455883660702417	0	0.0442607749059685	0.0255772666041992
ASV155|Firmicutes|Lachnospiraceae|Roseburia.spec.	0.756889134065122	0.234860174183337	5.53535744800477e-17	0.00686427455680628	0.00138641719473444
ASV156|Bacteroidota|Muribaculaceae|unknown.spec.	0.467952850572578	0.474628561716326	0.0493033630906333	0.0056624434475379	0.00245278117292469
ASV157|Bacteroidota|Muribaculaceae|unknown.spec.	0.940968852083952	0	9.08919861514065e-16	0.0408030653139407	0.018228082602106
ASV158|Bacteroidota|Muribaculaceae|unknown.spec.	0.946721314463578	0.0496453819592848	0	0.000245374433223176	0.00338792914391415
ASV159|Firmicutes|Lachnospiraceae|Lachnospiraceae NK4A136 group.spec.	0.897378687099698	0.0645492031380358	0.0223740855201375	0.00131511467561031	0.0143829095665189
ASV160|Bacteroidota|Muribaculaceae|unknown.spec.	0.598682388392636	0.343850386803529	0.0489100508760382	0.000764779219821132	0.00779239470797518
ASV161|Firmicutes|Oscillospiraceae|Intestinimonas.spec.	0.774524145283992	0.219787217356373	2.1085866033685e-14	1.01087081084031e-05	0.00567852865150572
ASV162|Firmicutes|unknown|unknown.spec.	0.987184539712118	0.00481515369037125	2.27436352927204e-13	0.00621525259816687	0.00178505399911669
ASV163|Firmicutes|Lachnospiraceae|Lachnospiraceae NK4A136 group.spec.	0.453841951091516	0.469293919929414	0.071804261934187	2.87232633012484e-05	0.00503114378158261
ASV164|Firmicutes|Lachnospiraceae|Lachnospiraceae NK4A136 group.spec.	0.961549676266199	0	0	0.038308186054537	0.000142137679264352
ASV165|Firmicutes|Oscillospiraceae|Intestinimonas.spec.	0.869625046221235	0.0109418604109256	0.0204574949124326	0.0230324722088365	0.07594312624657
ASV166|Firmicutes|Oscillospiraceae|Oscillibacter.spec.	0.915860224351008	0.0508175811543258	0.0281152442469662	0.000120661584185714	0.00508628866351449
ASV167|Firmicutes|Lachnospiraceae|unknown.spec.	0.916732921293771	0.0423353699021621	3.3539564304065e-20	0.0403966557572177	0.000535053046849163
ASV168|Firmicutes|Lachnospiraceae|unknown.spec.	0.798695060200856	0.172331189713919	0	0.000114713349533196	0.0288590367356919
ASV169|Firmicutes|Ruminococcaceae|Negativibacillus.spec.	0.921579881732141	0.0400783997375667	0.0133527316778397	0.00328876000255226	0.0217002268499002
ASV170|Firmicutes|Oscillospiraceae|Colidextribacter.spec.	0.993500174514539	3.07127962394298e-17	0.000989802022115989	0.00281421708202809	0.0026958063813173
ASV171|Firmicutes|Lachnospiraceae|unknown.spec.	0.729524707109326	0.247507272970603	0	0.00219909316414482	0.0207689267559265
ASV172|Firmicutes|Oscillospiraceae|Colidextribacter.spec.	0.994043235244247	0	0	0.00372368634165988	0.00223307841409315
ASV174|Bacteroidota|Muribaculaceae|unknown.spec.	0.51195624782827	0.422884691168727	0.0546299703105165	0.00164144569107798	0.00888764500140802
ASV175|Firmicutes|Lachnospiraceae|unknown.spec.	0.693728821123066	0.202551419862074	0.0612379703268537	0.0402457969649674	0.00223599172303869
ASV176|Firmicutes|Lachnospiraceae|Lachnospiraceae NK4A136 group.bacterium	0.970272810640963	0	0.00298861102306241	0.00690286164045691	0.0198357166955177
ASV177|Proteobacteria|Sutterellaceae|Parasutterella.spec.	0.65229640325743	0.20985594398814	0.121385242912444	0.00737057270710721	0.00909183713487858
ASV178|Firmicutes|Lachnospiraceae|Lachnospiraceae NK4A136 group.bacterium	0.645813649492235	0.185489440918202	0.0784841521055374	0.0844879063207228	0.00572485116330343
ASV179|Firmicutes|Ruminococcaceae|unknown.spec.	0.859551402644346	0.128346725431814	4.08034409750809e-10	0.0113332780334792	0.000768593482326872
ASV180|Firmicutes|Lachnospiraceae|Lachnoclostridium.spec.	0.959213646028749	0.0148497714262587	9.12437984626958e-15	0.0256799342105068	0.0002566483344765
ASV181|Firmicutes|unknown|unknown.spec.	0.849372253864173	0.112575157048475	5.46985118499578e-12	0.0286999770830583	0.00935261199882306
ASV182|Firmicutes|Butyricicoccaceae|UCG-009.spec.	0.991690404450871	0	0	0.00063890323151724	0.00767069231761162
ASV183|Firmicutes|Oscillospiraceae|Oscillibacter.spec.	0.643891152984823	0.309195698389576	0.0167109586523362	0.0301957864531146	6.40352015027564e-06
ASV184|Firmicutes|Lachnospiraceae|Lachnospiraceae UCG-001.spec.	0.919551312677287	9.56439638212493e-18	0.0161799721594422	0.0439527529842949	0.020315962178976
ASV185|Bacteroidota|Muribaculaceae|unknown.spec.	0.815512551131658	0.0502542521926497	0	0.0786936632199848	0.055539533455708
ASV186|Bacteroidota|Muribaculaceae|unknown.spec.	0.801969623131944	0.0580349599962258	0.0485975346848154	0.0725318243874248	0.0188660577995903
ASV187|Firmicutes|Lachnospiraceae|unknown.spec.	0.90802364555548	0.0105456965677943	1.15316064865453e-10	0.0577332635474654	0.0236973942139442
ASV188|Actinobacteriota|Atopobiaceae|Coriobacteriaceae UCG-002.spec.	0.639823166215203	0.0909185345557569	0.201594608631392	0.0249719541830276	0.0426917364146211
ASV189|Firmicutes|Lachnospiraceae|unknown.spec.	0.820498148734562	0.12379553286284	1.4300034527073e-14	0.00587752029378851	0.049828798108795
ASV190|Firmicutes|Erysipelotrichaceae|Faecalibaculum.rodentium	0.774444742962644	0.149002602854088	0.0438207428380737	0.0153216877337212	0.017410223611473
ASV191|Firmicutes|Lachnospiraceae|unknown.spec.	0.935633958324938	0.0609044551495244	3.45277485427824e-05	0.00278198364441741	0.000645075132577153
ASV192|Firmicutes|Ruminococcaceae|unknown.spec.	0.906266943378723	0	0	0.00531343639589756	0.0884196202253793
ASV193|Firmicutes|Oscillospiraceae|Colidextribacter.spec.	0.882124180243994	0.0807257891611568	0.0304107245088701	0.000170268981051868	0.00656903710492725
ASV194|Firmicutes|Lachnospiraceae|unknown.spec.	0.98106834540981	0	0.011064625860446	0.00559339144282618	0.00227363728691841
ASV195|Firmicutes|Lachnospiraceae|Lachnospiraceae UCG-006.spec.	0.574471959635431	0.328322120422732	0.0930358603003232	0.00319641876570403	0.000973640875810419
ASV196|Firmicutes|Lachnospiraceae|ASF356.spec.	0.930882071268112	0.0165611744261827	0.00954190073550476	0.015437302790052	0.0275775507801482
ASV197|Firmicutes|Lachnospiraceae|unknown.spec.	0.956357529587559	0.0260689367475457	0.00322617328428272	0.00220232459729793	0.0121450357833146
ASV198|Firmicutes|Oscillospiraceae|unknown.spec.	0.90286594117179	0.0565936186014364	2.73843342985938e-13	0.011935396228758	0.0286050439977416
ASV199|Firmicutes|Oscillospiraceae|unknown.spec.	0.968934940850935	0.0273166291858856	0.00265707279522623	0.000905391211754781	0.000185965956198826
ASV200|Firmicutes|Lachnospiraceae|Lachnospiraceae NK4A136 group.spec.	0.8591230686727	0.0816824747495962	4.09869591657823e-13	0.0561321876553244	0.00306226892196894
ASV201|Firmicutes|Lachnospiraceae|Lachnospiraceae NK4A136 group.bacterium	0.95836043090546	0.0337774729277456	0	0.00573827514914777	0.00212382101764684
ASV202|Firmicutes|Lachnospiraceae|Lachnospiraceae UCG-001.spec.	0.935707578239686	0	0.0253242496656786	0.0287241659469456	0.0102440061476895
ASV203|Firmicutes|Lachnospiraceae|unknown.spec.	0.948799227290303	0	0.0287937417753364	0.0204483635368387	0.00195866739752156
ASV204|Firmicutes|Lachnospiraceae|Lachnospiraceae NK4A136 group.spec.	0.877876551815717	6.47825595593746e-11	0.02651909562113	0.0534627453216161	0.0421416071767549
ASV205|Firmicutes|Ruminococcaceae|Incertae Sedis.spec.	0.962198256022368	0.000405261120760167	6.12296626014284e-09	0.00368660445065237	0.0337098722832537
ASV206|Cyanobacteria|unknown|unknown.spec.	0.905600991723257	0.0548757391209449	0	0.00709467573815416	0.0324285934176435
ASV207|Firmicutes|Ruminococcaceae|unknown.spec.	0.902596651912973	0.0803960452000758	2.29030558053322e-11	0.0169883991369546	1.89037270938483e-05
ASV208|Firmicutes|unknown|unknown.spec.	0.908153052079026	0.0246860151829259	3.97874378727268e-18	0.0282655180334698	0.0388954147045781
ASV209|Firmicutes|Oscillospiraceae|Intestinimonas.spec.	0.734519246412558	0.194589280156853	0.0452586475562643	0.000245475128616936	0.0253873507457079
ASV210|Bacteroidota|Rikenellaceae|Alistipes.spec.	0.772364477226895	0.145277835122508	0.0715886071771511	0.00338948767696729	0.00737959279647923
ASV211|Firmicutes|Lachnospiraceae|unknown.spec.	0.994712500678511	0	0.000930687582715842	0.00435595879734493	8.52941428200428e-07
ASV212|Firmicutes|Lachnospiraceae|Lachnospiraceae NK4A136 group.spec.	0.98088485306821	0	0	0.010702228428026	0.00841291850376388
ASV213|Firmicutes|Lachnospiraceae|Lachnospiraceae NK4A136 group.spec.	0.907424408215968	0.0780306746310025	1.41866710034816e-12	0.0141510306949318	0.000393886456679431
ASV215|Firmicutes|unknown|unknown.spec.	0.890571585282391	0.0657257798884238	1.2629211874529e-12	0.0044518797560454	0.0392507550718768
ASV216|Firmicutes|Lachnospiraceae|Lachnospiraceae UCG-001.spec.	0.983151493001685	0	0	0.0127188712095522	0.0041296357887625
ASV217|Proteobacteria|Sutterellaceae|Parasutterella.spec.	0.975729057743317	0.0129208435503378	5.19591666333779e-13	0.0111269289361396	0.000223169769685961
ASV218|Bacteroidota|Rikenellaceae|Alistipes.spec.	0.793055120013123	0.197571250629745	4.24267995754614e-10	0.00288751757958379	0.00648611135328033
ASV219|Firmicutes|Oscillospiraceae|unknown.spec.	0.947698779485823	0.0147198975935225	6.87621674771738e-13	0.0100323219772114	0.0275490009427558
ASV220|Firmicutes|Lachnospiraceae|unknown.spec.	0.850122006268515	0.116569979036253	0	0.0293789248402234	0.00392908985500851
ASV221|Firmicutes|Lachnospiraceae|GCA-900066575.spec.	0.96263901028073	2.81404117537734e-17	0.0183988319172816	0.00405131242685457	0.0149108453751335
ASV222|Firmicutes|Oscillospiraceae|Oscillibacter.spec.	0.868972084794526	0	0	0.114686685245536	0.016341229959938
ASV223|Firmicutes|Oscillospiraceae|unknown.spec.	0.989021746030978	0	0.0100567429056408	0.000921468387412956	4.26759680686208e-08
ASV224|Firmicutes|unknown|unknown.spec.	0.895005025001676	0.0365122958409008	7.0477689599382e-15	0.0118487558745137	0.056633923282903
ASV225|Firmicutes|Lachnospiraceae|unknown.spec.	0.932003383901767	0.0244203235742723	0.0120897949155052	0.0241151274896412	0.00737137011881469
ASV226|Firmicutes|Ruminococcaceae|[Eubacterium] siraeum group.spec.	0.707632434400301	0.100658925431098	1.27871339146299e-17	0.0208570415916764	0.170851598576924
ASV227|Cyanobacteria|unknown|unknown.spec.	0.859114765743775	0.125024768554222	0	0.013537063963873	0.0023234017381296
ASV228|Firmicutes|UCG-010|unknown.spec.	0.638325420821452	0.281255190099659	0.0698108215877646	0.00914134107348832	0.0014672264176363
ASV229|Firmicutes|Butyricicoccaceae|Butyricicoccus.spec.	0.721812461930298	0.167082797394613	0.028527942875177	0.0824698524033787	0.000106945396533187
ASV230|Firmicutes|Lachnospiraceae|unknown.spec.	0.789174271467448	0.1686910467954	0.0233628510352794	0.00606412392753359	0.0127077067743383
ASV231|Firmicutes|Lachnospiraceae|unknown.spec.	0.855142214417032	0.13532741787707	1.23783812443161e-10	0.00950546638942777	2.49011926866257e-05
ASV232|Firmicutes|Lachnospiraceae|Lachnospiraceae NK4A136 group.spec.	0.785859059816847	0.208377188911082	0	0.00445369681270909	0.00131005445936181
ASV233|Firmicutes|Lachnospiraceae|GCA-900066575.spec.	0.843438435973383	0.0909156135808896	0.0297915465042357	0.0220825656709131	0.0137718382705784
ASV234|Firmicutes|Christensenellaceae|Christensenellaceae R-7 group.spec.	0.506819411507697	0.366518264067777	0.0774653889248126	0.035498290597827	0.0136986449018863
ASV235|Firmicutes|Lachnospiraceae|A2.spec.	0.91335180397432	0.0394942326315114	0.0234359902153385	1.26908364384034e-05	0.0237052823423917
ASV236|Firmicutes|Lachnospiraceae|unknown.spec.	0.894335113072709	0.0624371063357778	0.00575564430687946	0.0349404878309592	0.00253164845367416
ASV237|Firmicutes|Lachnospiraceae|GCA-900066575.spec.	0.91519233829697	0	0.0469454530353935	0.00400174912021595	0.033860459547421
ASV238|Firmicutes|Lachnospiraceae|Tuzzerella.spec.	0.970545330866788	0.0130663791287907	9.14257330137477e-17	0.000121705870854342	0.0162665841335669
ASV239|Actinobacteriota|Eggerthellaceae|Enterorhabdus.spec.	0.582264490603596	0.40793661594823	0	0.00171274766933295	0.00808614577884078
ASV240|Desulfobacterota|Desulfovibrionaceae|Bilophila.spec.	0.851744515349462	0.107618080308059	0.00454850991796374	0.0204524614048235	0.0156364330196915
ASV241|Firmicutes|Ruminococcaceae|Incertae Sedis.spec.	0.946151576824812	0	0	0.0056971288752879	0.0481512942999
ASV242|Firmicutes|Oscillospiraceae|Colidextribacter.spec.	0.963456894982864	0	0.00905330500884566	0.00808987066573464	0.0193999293425552
ASV243|Firmicutes|Oscillospiraceae|unknown.spec.	0.826431737860371	0.173184391608097	3.56881818451772e-15	0.000245252265886645	0.000138618265641359
ASV244|Firmicutes|Lachnospiraceae|Lachnospiraceae FCS020 group.spec.	0.851431717391189	0.126521932509822	4.34815235397901e-12	0.0209691214105128	0.00107722868412813
ASV245|Firmicutes|Butyricicoccaceae|Butyricicoccus.spec.	0.847203925908095	0.0873612882313663	0.00254416242343065	0.0400741102611693	0.0228165131759384
ASV246|Firmicutes|Lachnospiraceae|Lachnospiraceae UCG-001.spec.	0.904771625469263	0.000330724468929582	0.0556898593113849	0.0273894201001746	0.0118183706502477
ASV247|Firmicutes|Lactobacillaceae|Lactobacillus.intestinalis	0.89787862406617	0.0767820194361161	0	0.0209663787512726	0.00437297774644176
ASV249|Actinobacteriota|Eggerthellaceae|Enterorhabdus.spec.	0.592209384636593	0.291565221163213	1.186953192606e-11	0.116127539344291	9.78548440334917e-05
ASV250|Firmicutes|unknown|unknown.spec.	0.807303069593208	0.145938926161338	0.0383401078989751	0.00711606775616183	0.00130182859031744
ASV251|Bacteroidota|Muribaculaceae|unknown.spec.	0.820241669425405	0.149048592449538	6.92836165663936e-12	0.0222517560157469	0.00845798210238247
ASV253|Firmicutes|Lachnospiraceae|Lachnospiraceae UCG-001.spec.	0.958735748358455	2.59785310672814e-19	0.012007463998269	0.0236534844736351	0.00560330316964135
ASV254|Firmicutes|Lachnospiraceae|unknown.spec.	0.958690228283007	0	0	0.0397074514059876	0.00160232031100504
ASV256|Firmicutes|Lachnospiraceae|unknown.spec.	0.931392423312319	0.00829867429183773	0.0504075042812753	0.00983635333925253	6.50447753152132e-05
ASV257|Firmicutes|Oscillospiraceae|Colidextribacter.spec.	0.875670104477178	0	0	0.0030628388791057	0.121267056643716
ASV258|Firmicutes|Lachnospiraceae|unknown.spec.	0.835576787035186	0.161261446083393	0	0.00258105285708653	0.000580714024334626
ASV259|Bacteroidota|Muribaculaceae|unknown.spec.	0.798223790236581	0.117339106577803	0.0720332928437462	0.0123164448391791	8.73655026905525e-05
ASV260|Firmicutes|Oscillospiraceae|unknown.spec.	0.862322430126474	0.10699433908478	0.00966325997878136	0.00167523534289829	0.0193447354670666
ASV261|Desulfobacterota|Desulfovibrionaceae|unknown.spec.	0.65260199599116	0.342610677510714	0	0.0026815028560108	0.00210582364211544
ASV262|Firmicutes|Lachnospiraceae|Tyzzerella.spec.	0.778777722057349	0.163499418225361	0.0455850442971304	0.00978913057417515	0.00234868484598426
ASV263|Firmicutes|Lachnospiraceae|Blautia.coccoides	0.997504694620707	0	0	9.98013937318507e-05	0.0023955039855614
ASV264|Firmicutes|Lachnospiraceae|Lachnospiraceae NK4A136 group.spec.	0.928487225496429	0	0	0.0537940946170381	0.0177186798865333
ASV265|Firmicutes|Lachnospiraceae|Lachnoclostridium.spec.	0.954801750707975	2.92172414816032e-18	0.012225178285489	3.94506699641838e-06	0.0329691259395395
ASV266|Firmicutes|Lachnospiraceae|Lachnospiraceae NK4A136 group.spec.	0.91495062813285	0.0656950858951277	1.24062267200007e-12	0.00443079930484208	0.0149234866659392
ASV267|Firmicutes|Lachnospiraceae|unknown.spec.	0.855539916388635	0.136281599878581	1.5032529063891e-13	0.00688143070355076	0.00129705302908262
ASV268|Bacteroidota|Tannerellaceae|Parabacteroides.distasonis	0.542127948158666	0.427672531682431	0.00805144819331174	0.00371946258800279	0.0184286093775881
ASV269|Firmicutes|Lachnospiraceae|unknown.spec.	0.950942932195007	1.41544941861647e-12	0.00796405395375646	0.0194333032336913	0.0216597106161295
ASV270|Bacteroidota|Rikenellaceae|Alistipes.spec.	0.978675441573213	0.0123095503942096	0.00246199821885539	0.00037129648636266	0.00618171332735914
ASV271|Firmicutes|Lachnospiraceae|unknown.spec.	0.987549298687764	0	0	0.00907410896290214	0.00337659234933347
ASV272|Firmicutes|Butyricicoccaceae|Butyricicoccus.spec.	0.96892234257375	0	0	0.0137693678443954	0.0173082895818544
ASV273|Firmicutes|Ruminococcaceae|unknown.spec.	0.970406707084385	0.0127519013568393	4.19328795795685e-13	0.00229382841314777	0.0145475631452083
ASV274|Firmicutes|Lachnospiraceae|Lachnoclostridium.spec.	0.947011624587938	0.021179771646767	1.5333967128068e-15	0.0293700319078757	0.00243857185741809
ASV275|Patescibacteria|Saccharimonadaceae|Candidatus Saccharimonas.spec.	0.822953847956156	0.094808541817337	0.0371417421223866	0.0136455650699283	0.0314503030341922
ASV276|Firmicutes|Lachnospiraceae|Lachnospiraceae NK4A136 group.spec.	0.913806202526053	1.87509330664779e-14	0.00460291724438343	0.0409200903661733	0.0406707898633718
ASV277|Firmicutes|Lachnospiraceae|Lachnoclostridium.spec.	0.796185576810353	0.159013682450231	0.0372236783587157	0.00616217723500666	0.00141488514569322
ASV278|Firmicutes|unknown|unknown.spec.	0.717582712492881	0.262795295474612	0.00706539375119681	0.00455744717851796	0.00799915110279187
ASV279|Firmicutes|Lachnospiraceae|Lachnospiraceae UCG-001.spec.	0.895388970744014	1.84609835596386e-15	0.0851518624089777	0.00429498742461515	0.015164179422391
ASV280|Firmicutes|unknown|unknown.spec.	0.943176412782671	0	0	0.0335818378070583	0.0232417494102704
ASV281|Firmicutes|Lachnospiraceae|Lachnoclostridium.spec.	0.939700724317127	0.0265312173702528	0	0.0174632791558251	0.0163047791567953
ASV283|Firmicutes|Lachnospiraceae|Roseburia.spec.	0.875564861288976	0.0709006149235787	0	0.0369557454376178	0.0165787783498278
ASV284|Firmicutes|Oscillospiraceae|unknown.spec.	0.983561683205305	0.00279253686779196	0	0.00816118966599201	0.00548459026091093
ASV285|Bacteroidota|Tannerellaceae|Parabacteroides.goldsteinii	0.720517818591488	0.270408791531741	0	2.25578116620185e-06	0.00907113409560525
