Residuals	weight_grams_scaled	number_of_pups_scaled	lipocalin2_pg_ml_scaled	genotype
1-ACYLGLYCEROL-3-P-ACYLTRANSFER-RXN|(expasy) 1-acylglycerol-3-phosphate O-acyltransferase [2.3.1.51]	0.752726887085448	0.0963142617234432	0.000101313923540374	0.0244813911114382	0.12637614615613
1.1.1.127-RXN|(expasy) 2-dehydro-3-deoxy-D-gluconate 5-dehydrogenase [1.1.1.127]	0.807588470351261	0.0250001070433559	0.125223851328312	0.0421875712770708	0
1.1.1.136-RXN|(expasy) UDP-N-acetylglucosamine 6-dehydrogenase [1.1.1.136]	0.691750600728972	7.73932580528006e-08	0.119146396743003	0.189102925134767	0
1.1.1.261-RXN|(expasy) sn-glycerol-1-phosphate dehydrogenase [1.1.1.261]	0.708358166513904	0.00610701513690338	0.279296851013984	0.00623796733520849	0
1.1.1.271-RXN|(expasy) GDP-L-fucose synthase [1.1.1.271]	0.940620601395056	0.0128424260171055	0.0346516030287524	0.0118853695590857	0
1.1.1.272-RXN|(expasy) D-2-hydroxyacid dehydrogenase (NADP(+)) [1.1.1.272]	0.942380057530813	0.0184807013873906	0.0391107708743385	2.8470207458117e-05	0
1.1.1.274-RXN|(expasy) 2,5-didehydrogluconate reductase (2-dehydro-D-gluconate-forming) [1.1.1.274]	0.778524326464036	0.0747685894286793	0.127358946439441	0.0186094085949549	0.000738729072887869
1.1.1.283-RXN|(expasy) Methylglyoxal reductase (NADPH) [1.1.1.283]	0.753725573804065	0.00663816233526465	0.160798986907737	0.0090919790932301	0.0697452978597025
1.1.1.292-RXN|(expasy) 1,5-anhydro-D-fructose reductase (1,5-anhydro-D-mannitol-forming) [1.1.1.292]	0.818283843242885	0.0863464583456924	0.00935486617274865	0.0860148322386745	0
1.1.1.39-RXN|(expasy) Malate dehydrogenase (oxaloacetate-decarboxylating) [1.1.1.38]	0.932276716050197	0.00385990898864584	0.00173770417382089	0.0621256707873363	0
1.1.99.28-RXN|(expasy) Glucose-fructose oxidoreductase [1.1.99.28]	0.888128073650252	0.000325726723090019	0.0115496527424629	0.0999965468841947	0
1.12.1.3-RXN|(expasy) Hydrogen dehydrogenase (NADP(+)) [1.12.1.3]	0.741151815279541	0.0293520389826166	0.0337697270039077	0.148588601069856	0.0471378176640786
1.17.4.2-RXN|(expasy) Ribonucleoside-triphosphate reductase (thioredoxin) [1.17.4.2]	0.913093816788101	0.000789087597956704	0.0289233441367883	0.0571937514771536	0
1.18.1.2-RXN|(expasy) Ferredoxin--NADP(+) reductase [1.18.1.2]	0.925593609739183	0.011227828667644	0.0623714433566645	0.000807118236508573	0
1.2.3.3-RXN|(expasy) Pyruvate oxidase [1.2.3.3]	0.970537624178737	0.0169688069162537	0.0056489871094896	0.00684458179551939	0
1.2.4.4-RXN|(expasy) 3-methyl-2-oxobutanoate dehydrogenase (2-methylpropanoyl-transferring) [1.2.4.4]	0.909770977618576	0.0160762789437306	0.00255524701088094	0.071597496426813	0
1.2.7.4-RXN|(expasy) Anaerobic carbon-monoxide dehydrogenase [1.2.7.4]	0.833443148802179	0.0149663362019666	0.0525213980984063	0.0990691168974486	0
1.2.7.7-RXN|(expasy) 3-methyl-2-oxobutanoate dehydrogenase (ferredoxin) [1.2.7.7]	0.997425881272827	0.00160261834337142	0.000921874061242487	4.96263225591801e-05	0
1.2.7.8-RXN|(expasy) Indolepyruvate ferredoxin oxidoreductase [1.2.7.8]	0.754219002913187	0.216191948248878	0.000133465128076128	0.0294555837098591	0
1.2.99.7-RXN|(expasy) Aldehyde dehydrogenase (FAD-independent) [1.2.99.7]	0.984115838476378	0.000804416195431399	0.0146113912277335	0.00046835410045668	0
1.21.4.1-RXN|(expasy) D-proline reductase [1.21.4.1]	0.955919182509144	0.0316278241215358	0.00906536645866172	0.00338762691065794	0
1.21.4.3-RXN|(expasy) Sarcosine reductase [1.21.4.3]	0.924042386549021	0.00895832422245321	0.0251300711944715	0.000802497157010442	0.0410667208770438
1.21.4.4-RXN|(expasy) Betaine reductase [1.21.4.4]	0.923183961889498	0.000321580104445537	0.0155434786805267	0.0057341225891918	0.0552168567363384
1.3.1.54-RXN|(expasy) Precorrin-6A reductase [1.3.1.54]	0.873068542021441	0.0502910759772937	0.0667147442494364	1.49212312456767e-05	0.00991071652058311
1.4.1.11-RXN|(expasy) L-erythro-3,5-diaminohexanoate dehydrogenase [1.4.1.11]	0.920471340671415	0.010475752571716	0.028758025286816	0.0402948814700525	0
1.4.1.21-RXN|(expasy) Aspartate dehydrogenase [1.4.1.21]	0.766129049460682	5.82630305563161e-05	0.0381914832191916	0.19562120428957	0
1.4.3.19-RXN|(expasy) AMBIGUOUS [1.4.3.19; 1.4.3.3]	0.692414509359176	0.0382837993538959	0.25394980941847	0.0153518818684585	0
1.5.1.20-RXN|(expasy) Methylenetetrahydrofolate reductase (NAD(P)H) [1.5.1.20]	0.779891763403265	0.0564088807695707	0.0266194030741864	0.00704501035879859	0.13003494239418
1.5.1.7-RXN|(expasy) Saccharopine dehydrogenase (NAD(+), L-lysine-forming) [1.5.1.7]	0.682639350372232	0.000300665775553338	0.0100618525938599	0.190812580035814	0.116185551222541
1.6.4.4-RXN|(expasy) Protein-disulfide reductase [1.8.1.8]	0.707588320345996	0.216287442144573	0.014186553989821	0.0619376835196096	0
1.7.2.2-RXN|(expasy) Nitrite reductase (cytochrome; ammonia-forming) [1.7.2.2]	0.883203361183119	0.0794701064060036	0.00246774565372623	0.0348587867571509	0
1.8.1.4-RXN|(expasy) Dihydrolipoyl dehydrogenase [1.8.1.4]	0.742810632368668	0.18351472464591	0.063064710130179	0.010609932855243	0
1.8.4.12-RXN|(expasy) Peptide-methionine (R)-S-oxide reductase [1.8.4.12]	0.917454533785123	0.0092311606981168	0.0243735680157077	0.0489407375010521	0
1.8.4.14-RXN|(expasy) L-methionine (R)-S-oxide reductase [1.8.4.14]	0.975602460401324	4.10274057575433e-05	0.0137796576190292	0.0105768545738887	0
1.8.4.8-RXN|(expasy) Phosphoadenylyl-sulfate reductase (thioredoxin) [1.8.4.8]	0.93745715446094	0.0449701139857352	0.0141795317403132	0.00339319981301187	0
13-PROPANEDIOL-DEHYDROGENASE-RXN|(expasy) 1,3-propanediol dehydrogenase [1.1.1.202]	0.909670212272718	0.0201866309690018	0.0596546834981131	0.0104884732601667	0
1PFRUCTPHOSN-RXN|(expasy) 1-phosphofructokinase [2.7.1.56]	0.947111875120135	0.0102184042990534	0.0040599119570018	0.0386098086238101	0
1TRANSKETO-RXN|(expasy) Transketolase [2.2.1.1]	0.923257614350721	0.0147141049246874	0.0272500492945207	0.0347782314300712	0
2-AMINOADIPATE-AMINOTRANSFERASE-RXN|(expasy) 2-aminoadipate transaminase [2.6.1.39]	0.934052572491266	0.0166171225905379	0.000386985065993894	0.0489433198522023	0
2-DEHYDROPANTOATE-REDUCT-RXN|(expasy) 2-dehydropantoate 2-reductase [1.1.1.169]	0.879264506980113	0.00108216563402315	0.119626268891713	2.70584941512478e-05	0
2-ISOPROPYLMALATESYN-RXN|(expasy) 2-isopropylmalate synthase [2.3.3.13]	0.880988306256211	0.10403283745264	8.94276568533267e-05	0.0148894286342957	0
2-METHYLCITRATE-DEHYDRATASE-RXN|(expasy) 2-methylcitrate dehydratase [4.2.1.79]	0.872102302744767	0.0708651136763041	0.0450175405431795	0.0120150430357493	0
2-NITROPROPANE-DIOXYGENASE-RXN|(expasy) Nitronate monooxygenase [1.13.12.16]	0.878190470809704	0.0826224097666413	0.0346009434208093	0.00458617600284558	0
2-OCTAPRENYL-METHOXY-BENZOQ-METH-RXN|(expasy) 2-methoxy-6-polyprenyl-1,4-benzoquinol methylase [2.1.1.201]	0.861086848131217	0.0541361396524526	0.0637005162980085	0.0210764959183224	0
2-OXOBUTYRATE-SYNTHASE-RXN|(expasy) 3-methyl-2-oxobutanoate dehydrogenase (ferredoxin) [1.2.7.7]	0.997425881272827	0.00160261834337142	0.000921874061242487	4.96263225591801e-05	0
2-OXOGLUTARATE-SYNTHASE-RXN|(expasy) 2-oxoglutarate synthase [1.2.7.3]	0.916105682249498	0.0639626475032742	0.0171190976173984	0.00281257262982918	0
2.1.1.130-RXN|(expasy) Precorrin-2 C(20)-methyltransferase [2.1.1.130]	0.616142910244877	0.00362055012565902	0.146504559404789	0.00435071507231708	0.229381265152358
2.1.1.131-RXN|(expasy) Precorrin-3B C(17)-methyltransferase [2.1.1.131]	0.873568654959279	7.3603136334924e-06	0.126219408304294	0.000204576422794214	0
2.1.1.132-RXN|(expasy) Precorrin-6B C(5,15)-methyltransferase (decarboxylating) [2.1.1.132]	0.884115114841474	0.0166952351194439	0.0160942482347813	0.0830954018043011	0
2.1.1.133-RXN|(expasy) Precorrin-4 C(11)-methyltransferase [2.1.1.133]	0.670706618937267	0.0249809510862764	0.213261331927247	0.09105109804921	0
2.1.1.34-RXN|(expasy) tRNA (guanosine(18)-2-O)-methyltransferase [2.1.1.34]	0.873678267486291	0.12353310081533	0.00122644224716711	0.00156218945121177	0
2.1.1.63-RXN|(expasy) Methylated-DNA--[protein]-cysteine S-methyltransferase [2.1.1.63]	0.877562051723368	0.0829015531927895	0.00231468642888801	0.0372217086549548	0
2.1.1.72-RXN|(expasy) Site-specific DNA-methyltransferase (adenine-specific) [2.1.1.72]	0.746740817497222	0.14944601882221	0.0809896063707174	0.0228235573098505	0
2.1.1.74-RXN|(expasy) (NAD(P)H-oxidizing) [2.1.1.74]	0.744995550268811	0.00460586187237909	0.00392919927053459	0.246469388588276	0
2.1.1.77-RXN|(expasy) Protein-L-isoaspartate(D-aspartate) O-methyltransferase [2.1.1.77]	0.855911779500693	0.0507077348133333	0.0292953320739141	0.0640851536120592	0
2.1.1.79-RXN|(expasy) Cyclopropane-fatty-acyl-phospholipid synthase [2.1.1.79]	0.6915373564785	0.0735693731673384	0.00397804800664055	0.00217562462131324	0.228739597726208
2.1.3.1-RXN|(expasy) Methylmalonyl-CoA carboxytransferase [2.1.3.1]	0.790862272306015	0.161833891862565	0.0133715124335448	0.0339323233978757	0
2.1.3.9-RXN|(expasy) N-acetylornithine carbamoyltransferase [2.1.3.9]	0.891841016334192	0.0214949141178792	0.000374839965231351	0.0862892295826974	0
2.3.1.128-RXN|(expasy) [Ribosomal protein S18]-alanine N-acetyltransferase [2.3.1.266]	0.768430874526552	0.00592846751414508	0.107559798396429	0.118080859562874	0
2.3.1.157-RXN|(expasy) Glucosamine-1-phosphate N-acetyltransferase [2.3.1.157]	0.88783363883062	0.0161763395551317	0.03339348340243	0.0340515290722216	0.0285450091395967
2.3.1.179-RXN|(expasy) Beta-ketoacyl-[acyl-carrier-protein] synthase II [2.3.1.179]	0.885100409920797	0.0659830445063192	0.0128230853072273	0.0360934602656563	0
2.3.1.180-RXN|(expasy) Beta-ketoacyl-[acyl-carrier-protein] synthase III [2.3.1.180]	0.741888452311021	0.12208316987271	0.11488028135912	0.021148096457149	0
2.3.1.89-RXN|(expasy) Tetrahydrodipicolinate N-acetyltransferase [2.3.1.89]	0.924613110923763	0.0151141807392625	0.0512580603176452	0.00901464801932884	0
2.4.1.129-RXN|(expasy) Peptidoglycan glycosyltransferase [2.4.1.129]	0.953248640025354	0.0279435793086964	0.00191943560778566	0.0168883450581638	0
2.4.1.211-RXN|(expasy) 1,3-beta-galactosyl-N-acetylhexosamine phosphorylase [2.4.1.211]	0.904404089164482	1.91802696628476e-06	0.0156795627176157	0.0799144300909355	0
2.4.1.212-RXN|(expasy) Hyaluronan synthase [2.4.1.212]	0.958599221873793	0.0336812530000995	0.00428440931384802	0.0034351158122598	0
2.4.1.230-RXN|(expasy) Kojibiose phosphorylase [2.4.1.230]	0.832539581674738	0.150001007990714	0.00543691075148609	0.0120224995830615	0
2.4.1.54-RXN|(expasy) Undecaprenyl-phosphate mannosyltransferase [2.4.1.54]	0.682200811769278	0.304480848391317	0.0108087543156411	0.00250958552376421	0
2.5.1.19-RXN|(expasy) 3-phosphoshikimate 1-carboxyvinyltransferase [2.5.1.19]	0.76294277322277	0.124788861828484	0.0531189995370825	0.0591493654116635	0
2.5.1.64-RXN|(expasy) synthase [2.2.1.9]	0.766778995007224	0.0790861117115768	0.146724785926056	0.00741010735514311	0
2.6.1.33-RXN|(expasy) dTDP-4-amino-4,6-dideoxy-D-glucose transaminase [2.6.1.33]	0.633176466992816	0.000475710729567967	0.329520242838163	0.0368275794394528	0
2.6.1.37-RXN|(metacyc) phosphonoacetaldehyde transaminase [2.6.1.37]	0.786005078724783	0.203530391370539	0.00130348725943139	0.00916104264524699	0
2.7.1.121-RXN|(expasy) Phosphoenolpyruvate--glycerone phosphotransferase [2.7.1.121]	0.698489000368796	0.00603733282418932	0.294673542802699	0.000800124004315738	0
2.7.1.148-RXN|(expasy) 4-(cytidine 5-diphospho)-2-C-methyl-D-erythritol kinase [2.7.1.148]	0.672572065325489	0.217847888075674	0.0717347372083916	0.0378453093904448	0
2.7.1.156-RXN|(expasy) Adenosylcobinamide kinase [2.7.1.156]	0.978229715917493	0.0123124896201482	0.000110548630321688	0.00934724583203669	0
2.7.1.90-RXN|(expasy) Diphosphate--fructose-6-phosphate 1-phosphotransferase [2.7.1.90]	0.886500471668795	0.0646030187899333	0.0450385529356518	0.00385795660562028	0
2.7.10.1-RXN|(expasy) AMBIGUOUS [2.7.10.1; 2.7.10.2; 2.7.12.1]	0.858985471436629	0.000494144598773367	0.0321783970808866	0.108341986883711	0
2.7.13.3-RXN|(expasy) Histidine kinase [2.7.13.3]	0.867020791537849	0.00681079876497036	0.020117722891522	0.106050686805659	0
2.7.3.9-RXN|(expasy) Phosphoenolpyruvate--protein phosphotransferase [2.7.3.9]	0.810813490211742	3.63777771280918e-07	0.032803004216793	0.156383141793693	0
2.7.7.13-RXN|(expasy) Mannose-1-phosphate guanylyltransferase [2.7.7.13]	0.753694663635562	0.140970014647673	0.0903414649184575	0.0149938567983074	0
2.7.7.33-RXN|(expasy) Glucose-1-phosphate cytidylyltransferase [2.7.7.33]	0.765699217438478	0.0435046719594528	0.184953218648371	0.00584289195369775	0
2.7.7.39-RXN|(expasy) Glycerol-3-phosphate cytidylyltransferase [2.7.7.39]	0.845952461521005	0.0269025647828932	0.0285446290371442	0.0986003446589574	0
2.7.7.40-RXN|(expasy) D-ribitol-5-phosphate cytidylyltransferase [2.7.7.40]	0.781428641752219	0.192629694029474	0.0224296708258	0.00351199339250689	0
2.7.7.60-RXN|(expasy) 2-C-methyl-D-erythritol 4-phosphate cytidylyltransferase [2.7.7.60]	0.824903103896513	0.128147591151343	0.0338407813026091	0.0131085236495348	0
2.7.7.8-RXN|(expasy) Polyribonucleotide nucleotidyltransferase [2.7.7.8]	0.736076336528769	0.0166985215725164	0.149627244898731	0.0975978969999835	0
2.7.8.25-RXN|(expasy) Triphosphoribosyl-dephospho-CoA synthase [2.4.2.52]	0.921582117561963	0.0126097589057172	0.0009613403150225	0.064846783217297	0
2.7.8.6-RXN|(expasy) Undecaprenyl-phosphate galactose phosphotransferase [2.7.8.6]	0.821347699656904	0.0232394211756827	0.0126355357649055	0.00257557872896962	0.140201764673538
2.7.9.3-RXN|(expasy) Selenide, water dikinase [2.7.9.3]	0.879887527751519	0.0110421160236555	0.105302319672217	0.00376803655260912	0
2.8.1.6-RXN|(expasy) Biotin synthase [2.8.1.6]	0.947474571002581	0.0255021119289373	0.0131985072218399	0.0138248098466416	0
2.8.3.10-RXN|(expasy) Citrate CoA-transferase [2.8.3.10]	0.997988414548137	0.00162424534865076	0.000114422860499523	0.00027291724271229	0
2.9.1.1-RXN|(expasy) L-seryl-tRNA(Sec) selenium transferase [2.9.1.1]	0.902538219618053	0.0308766532687064	0.0617900949062854	0.00479503220695473	0
2PGADEHYDRAT-RXN|(expasy) Phosphopyruvate hydratase [4.2.1.11]	0.728890521706339	0.0628756040444009	0.163539773739014	0.0446941005102457	0
2TRANSKETO-RXN|(expasy) Transketolase [2.2.1.1]	0.923257614350721	0.0147141049246874	0.0272500492945207	0.0347782314300712	0
3-CH3-2-OXOBUTANOATE-OH-CH3-XFER-RXN|(expasy) 3-methyl-2-oxobutanoate hydroxymethyltransferase [2.1.2.11]	0.819285921173577	0.00767232378517485	0.0817408203648831	0.0913009346763648	0
3-DEHYDRO-L-GULONATE-2-DEHYDROGENASE-RXN|(expasy) 3-dehydro-L-gulonate 2-dehydrogenase [1.1.1.130]	0.694835757766912	0.0942011546287313	0.210823681779869	0.000139405824487938	0
3-DEHYDROQUINATE-DEHYDRATASE-RXN|(expasy) 3-dehydroquinate dehydratase [4.2.1.10]	0.792922839172776	0.149698535526647	0.051755395136485	0.00562323016409171	0
3-DEHYDROQUINATE-SYNTHASE-RXN|(expasy) 3-dehydroquinate synthase [4.2.3.4]	0.739839154988734	0.203662067501459	0.00594739828431922	0.0505513792254877	0
3-HYDROXBUTYRYL-COA-DEHYDRATASE-RXN|(expasy) 3-hydroxybutyryl-CoA dehydratase [4.2.1.55]	0.885987177117972	0.0119070341865964	0.0467442229357577	0.0553615657596737	0
3-HYDROXYBUTYRYL-COA-DEHYDROGENASE-RXN|(expasy) 3-hydroxybutyryl-CoA dehydrogenase [1.1.1.157]	0.907496345102507	0.00132962071563082	0.0070128902647954	0.0841611439170668	2.11738391738125e-17
3-HYDROXYDECANOYL-ACP-DEHYDR-RXN|(expasy) 3-hydroxyacyl-[acyl-carrier-protein] dehydratase [4.2.1.59]	0.805846886871657	0.160765318629194	0.0174744366110255	0.0159133578881238	0
3-OXOACYL-ACP-REDUCT-RXN|(expasy) 3-oxoacyl-[acyl-carrier-protein] reductase [1.1.1.100]	0.773810199458105	0.0999555669344019	0.00929290004168947	0.00378339221788875	0.113157941347915
3-OXOACYL-ACP-SYNTH-BASE-RXN|(expasy) AMBIGUOUS [2.3.1.179; 2.3.1.41]	0.885100409920797	0.0659830445063192	0.0128230853072273	0.0360934602656563	0
3.1.1.47-RXN|(expasy) 1-alkyl-2-acetylglycerophosphocholine esterase [3.1.1.47]	0.799663815575951	0.00498561077472529	0.134960586438135	0.0603899872111886	0
3.1.1.64-RXN|(metacyc) all-trans-retinyl-palmitate hydrolase [3.1.1.1]	0.71795576263973	0.00461075330694507	0.0845344588018543	0.0293660557281835	0.163532969523287
3.1.1.72-RXN|(expasy) Acetylxylan esterase [3.1.1.72]	0.752467436890146	0.0219836172923321	0.106169016835352	0.119379928982169	0
3.1.11.2-RXN|(expasy) Exodeoxyribonuclease III [3.1.11.2]	0.649852750274216	0.00523097615314664	0.00397555049010058	0.0716290243391005	0.269311698743436
3.1.11.6-RXN|(expasy) Exodeoxyribonuclease VII [3.1.11.6]	0.929890714500159	0.0316627312943291	0.0242375887287582	0.0142089654767542	0
3.1.13.1-RXN|(expasy) Exoribonuclease II [3.1.13.1]	0.741237209403001	0.19530094593036	0.060274668791809	0.00318717587482985	0
3.1.13.5-RXN|(expasy) Ribonuclease D [3.1.13.5]	0.766990519003388	0.216860706229256	0.00609995229280761	0.0100488224745481	0
3.1.21.2-RXN|(expasy) Deoxyribonuclease IV [3.1.21.2]	0.662556634502583	0.273696152806059	0.0359766154774543	0.027770597213904	0
3.1.21.3-RXN|(expasy) Type I site-specific deoxyribonuclease [3.1.21.3]	0.681301957939485	0.271430437500907	0.0185473516014603	0.0287202529581485	0
3.1.21.4-RXN|(expasy) Type II site-specific deoxyribonuclease [3.1.21.4]	0.717432531296433	0.0136760415059466	0.0845800628261681	0.184311364371453	0
3.1.21.5-RXN|(expasy) Type III site-specific deoxyribonuclease [3.1.21.5]	0.688919753327392	0.0621570608842364	0.0679290195058255	0.0644522692529366	0.116541897029609
3.1.21.7-RXN|(expasy) Deoxyribonuclease V [3.1.21.7]	0.970857693606449	0.00444486915685692	3.58986436456105e-06	0.0246938473723298	0
3.1.26.11-RXN|(expasy) Ribonuclease Z [3.1.26.11]	0.766052824821808	0.165820103438063	0.00685891593715954	0.0110110573299236	0.0502570984730453
3.1.26.12-RXN|(expasy) Ribonuclease E [3.1.26.12]	0.763777103935793	0.011366233249414	0.21707620762574	0.00778045518905329	0
3.1.26.3-RXN|(expasy) Ribonuclease III [3.1.26.3]	0.825455563304191	0.00776090694828983	0.0695049081854133	0.0172920325902329	0.0799865889718727
3.1.26.4-RXN|(expasy) Ribonuclease H [3.1.26.4]	0.807190716036308	0.169269595988574	0.00982456566978957	0.0131067546405338	0.000608367664795225
3.1.26.5-RXN|(expasy) Ribonuclease P [3.1.26.5]	0.606533947672304	0.213771220037391	0.0388590733146475	0.140835758975657	0
3.1.26.8-RXN|(expasy) Ribonuclease M5 [3.1.26.8]	0.876478585965661	0.0259311149710786	0.0846389230413893	0.0082657148074111	0.00468566121445989
3.1.3.16-RXN|(expasy) Protein-serine/threonine phosphatase [3.1.3.16]	0.991794088807353	0.0047430453648463	0.00130057818437775	0.00216228764342318	0
3.1.4.1-RXN|(expasy) Phosphodiesterase I [3.1.4.1]	0.939188807718003	0.020386448337385	0.0402966337393343	0.000128110205277629	0
3.11.1.3-RXN|(expasy) Phosphonopyruvate hydrolase [3.11.1.3]	0.507286888077586	0.192129185356739	0.00424764211736493	0.000221764000219108	0.296114520448091
3.2.1.1-RXN|(expasy) Alpha-amylase [3.2.1.1]	0.817402217768201	0.15883135274337	0.0209704702736825	0.00279595921474642	0
3.2.1.10-RXN|(expasy) Oligo-1,6-glucosidase [3.2.1.10]	0.699485255248764	0.015836583847965	0.0331380099114619	0.020337625633271	0.231202525358538
3.2.1.131-RXN|(expasy) Xylan alpha-1,2-glucuronosidase [3.2.1.131]	0.710665800036137	0.00632960087559255	0.078473503394937	0.204531095693334	0
3.2.1.135-RXN|(expasy) Neopullulanase [3.2.1.135]	0.846706595433434	0.0728927531501653	0.0794228240462003	0.00097782737020076	0
3.2.1.14-RXN|(expasy) Chitinase [3.2.1.14]	0.96954019622445	0.00503215449433352	0.016940195687614	0.00848745359360282	0
3.2.1.141-RXN|(expasy) 4-alpha-D-((1->4)-alpha-D-glucano)trehalose trehalohydrolase [3.2.1.141]	0.880225283171927	0.0520930891639378	0.00311694078936137	0.0645646868747741	0
3.2.1.156-RXN|(expasy) Oligosaccharide reducing-end xylanase [3.2.1.156]	0.75286700726749	0.015814683736422	0.111467175572712	0.119851133423376	0
3.2.1.165-RXN|(expasy) Exo-1,4-beta-D-glucosaminidase [3.2.1.165]	0.827775467307131	0.0122600482872751	0.00189833346010323	0.15806615094549	0
3.2.1.17-RXN|(expasy) Lysozyme [3.2.1.17]	0.860549849284782	0.0206157286578555	0.101464644613944	0.0173697774434178	0
3.2.1.18-RXN|(expasy) Exo-alpha-sialidase [3.2.1.18]	0.771278154686645	0.13066536671288	0.0248941468963668	0.0721209161400388	0.00104141556407007
3.2.1.21-RXN|(expasy) Beta-glucosidase [3.2.1.21]	0.822261396384094	0.0526698237780945	0.0307739199865658	0.0942948598512452	0
3.2.1.23-RXN|(expasy) Beta-galactosidase [3.2.1.23]	0.960624082811383	0.0246397408902854	0.00201062240258821	0.0127255538957434	0
3.2.1.25-RXN|(expasy) Beta-mannosidase [3.2.1.25]	0.879525965841597	0.0479584221424509	0.00548069176602999	0.0670349202499224	0
3.2.1.3-RXN|(expasy) Glucan 1,4-alpha-glucosidase [3.2.1.3]	0.815555288527999	0.0931442896021188	0.00248401758028792	0.0888164042895946	0
3.2.1.37-RXN|(expasy) Xylan 1,4-beta-xylosidase [3.2.1.37]	0.782357947807555	0.134754965472736	0.0385981074436835	0.0442889792760257	0
3.2.1.40-RXN|(expasy) Alpha-L-rhamnosidase [3.2.1.40]	0.828513209373145	0.104725599400364	0.00371173739115451	0.00964480216463532	0.0534046516707016
3.2.1.49-RXN|(expasy) Alpha-N-acetylgalactosaminidase [3.2.1.49]	0.978683594893995	0.000355766918470257	0.00022740491225594	0.0207332332752783	0
3.2.1.50-RXN|(expasy) Alpha-N-acetylglucosaminidase [3.2.1.50]	0.937278947661977	0.0136663665845448	4.09398534649326e-05	0.0490137459000132	0
3.2.1.52-RXN|(expasy) Beta-N-acetylhexosaminidase [3.2.1.52]	0.927783353045846	0.0458136919921977	0.0121271259507764	0.0142758290111784	1.39110132298258e-15
3.2.1.55-RXN|(expasy) Non-reducing end alpha-L-arabinofuranosidase [3.2.1.55]	0.80118741592458	0.0113070530823689	0.114539148000409	0.072966382992642	0
3.2.1.70-RXN|(expasy) Glucan 1,6-alpha-glucosidase [3.2.1.70]	0.857657691261544	0.0187847961978737	0.0242765182212449	0.00980533819835395	0.0894756561209831
3.2.1.73-RXN|(expasy) Licheninase [3.2.1.73]	0.971908188136713	0.003017851487223	0.000271179281118771	0.024802781094945	0
3.2.1.78-RXN|(expasy) Mannan endo-1,4-beta-mannosidase [3.2.1.78]	0.886065067175325	0.0123560238110439	0.0864228691507138	0.0151560398629177	0
3.2.1.8-RXN|(expasy) Endo-1,4-beta-xylanase [3.2.1.8]	0.936305009645113	0.0599536253898748	0.000231096086692841	0.00351026887831927	0
3.2.1.80-RXN|(expasy) AMBIGUOUS [3.2.1.153; 3.2.1.80]	0.873646401343444	0.0123661732773002	0.00103659830817481	0.112950827071081	0
3.2.1.82-RXN|(expasy) Exo-poly-alpha-digalacturonosidase [3.2.1.82]	0.743004589035949	0.0317394751755457	0.0111303836979634	0.214125552090542	0
3.2.1.83-RXN|(expasy) Kappa-carrageenase [3.2.1.83]	0.883365688991879	0.0126001213864839	0.00659408035305781	0.097440109268579	0
3.2.1.89-RXN|(expasy) Arabinogalactan endo-beta-1,4-galactanase [3.2.1.89]	0.859156329241739	0.0191062795700959	0.0519238137008878	0.0698135774872768	0
3.2.1.96-RXN|(expasy) Mannosyl-glycoprotein endo-beta-N-acetylglucosaminidase [3.2.1.96]	0.761610981643872	0.00194409175222682	0.0817341460651635	0.154710780538738	0
3.2.1.99-RXN|(expasy) Arabinan endo-1,5-alpha-L-arabinosidase [3.2.1.99]	0.781896167599585	0.0612512780418561	0.0208930173386073	0.135959537019951	0
3.2.2.15-RXN|(expasy) DNA-deoxyinosine glycosylase [3.2.2.15]	0.927090268862607	0.0214652633485533	0.0159175291505724	0.0355269386382677	0
3.2.2.23-RXN|(expasy) DNA-formamidopyrimidine glycosylase [3.2.2.23]	0.862548108838999	0.051704112493089	0.0812458082014792	0.0045019704664328	0
3.2.2.24-RXN|(expasy) ADP-ribosyl-[dinitrogen reductase] hydrolase [3.2.2.24]	0.640141403734267	0.000422035958957203	0.142156285089489	0.217280275217287	0
3.4.11.1-RXN|(expasy) AMBIGUOUS [3.4.11.1; 3.4.11.9]	0.899549235466157	0.0453080508107522	0.000319764699197459	0.0548229490238939	0
3.4.11.10-RXN|(expasy) Bacterial leucyl aminopeptidase [3.4.11.10]	0.90081708494072	0.0482615416997676	0.000385227857570448	0.0505361455019423	0
3.4.11.18-RXN|(expasy) Methionyl aminopeptidase [3.4.11.18]	0.845472738772024	0.0743185320183473	0.0588134907792849	0.00111967113642469	0.0202755672939194
3.4.11.4-RXN|(expasy) Tripeptide aminopeptidase [3.4.11.4]	0.807274533632242	0.106347113840067	0.0727024372608503	0.0136759152668414	0
3.4.11.5-RXN|(expasy) Prolyl aminopeptidase [3.4.11.5]	0.718106059755564	0.0333472416110031	0.197239278846544	0.00328186751451253	0.048025552272376
3.4.11.6-RXN|(expasy) Aminopeptidase B [3.4.11.6]	0.851486507557093	0.032380618201476	0.0689651177501045	0.0471677564913264	0
3.4.11.9-RXN|(expasy) Xaa-Pro aminopeptidase [3.4.11.9]	0.746291949288425	0.174263146152904	0.0021264381445669	0.0773184664141041	0
3.4.13.18-RXN|(expasy) Cytosol nonspecific dipeptidase [3.4.13.18]	0.759189498878098	0.229576638830362	0.00483443268530556	0.00639942960623422	0
3.4.13.20-RXN|(expasy) Beta-Ala-His dipeptidase [3.4.13.20]	0.719123913295669	0.0514965924842625	0.144293237286129	0.0850862569339404	0
3.4.13.21-RXN|(expasy) Dipeptidase E [3.4.13.21]	0.870688387566313	0.0970986322882821	0.0321563517996229	5.66283457817813e-05	0
3.4.13.22-RXN|(expasy) D-Ala-D-Ala dipeptidase [3.4.13.22]	0.912876773287886	0.000239167255417478	0.0864526027875731	0.000431456669123049	0
3.4.13.9-RXN|(expasy) Xaa-Pro dipeptidase [3.4.13.9]	0.912978713196897	0.013709729233343	0.0684754488390936	0.00483610873066666	0
3.4.14.11-RXN|(expasy) Xaa-Pro dipeptidyl-peptidase [3.4.14.11]	0.943428040255428	0.0232595625867942	0.0312021450625621	0.00211025209521569	1.06229213196218e-17
3.4.14.12-RXN|(expasy) Xaa-Xaa-Pro tripeptidyl-peptidase [3.4.14.12]	0.837467082121926	0.0800476952997716	0.00363675226103845	0.0788484703172645	0
3.4.14.4-RXN|(expasy) Dipeptidyl-peptidase III [3.4.14.4]	0.852153997187883	0.130085918873148	0.00178632364423501	0.0159737602947347	0
3.4.14.5-RXN|(expasy) Dipeptidyl-peptidase IV [3.4.14.5]	0.785980343883539	0.0234353311567697	0.182257570052413	0.00832675490727841	0
3.4.15.5-RXN|(expasy) Peptidyl-dipeptidase Dcp [3.4.15.5]	0.89148739438262	0.0695283338931082	0.000247733523879588	0.0387365382003918	0
3.4.16.4-RXN|(expasy) Serine-type D-Ala-D-Ala carboxypeptidase [3.4.16.4]	0.782109115363633	0.189825209901642	0.0164721950783119	0.0115934796564138	0
3.4.17.13-RXN|(expasy) Muramoyltetrapeptide carboxypeptidase [3.4.17.13]	0.939697395344282	0.00766102973887146	0.0271016873751518	0.0255398875416951	0
3.4.17.19-RXN|(expasy) Carboxypeptidase Taq [3.4.17.19]	0.887082194783691	0.0749302546182663	0.0342703707378939	0.00371717986014881	0
3.4.17.8-RXN|(expasy) AMBIGUOUS [3.4.16.4; 3.4.17.8]	0.782109115363633	0.189825209901642	0.0164721950783119	0.0115934796564138	0
3.4.19.11-RXN|(expasy) Gamma-D-glutamyl-meso-diaminopimelate peptidase [3.4.19.11]	0.918252275084747	0.0063614306366833	0.00632405261516273	0.0382876324003307	0.0307746092630765
3.4.21.102-RXN|(expasy) C-terminal processing peptidase [3.4.21.102]	0.854918603006278	0.123952651878508	0.000527240115526124	0.0206015049996883	0
3.4.21.105-RXN|(expasy) Rhomboid protease [3.4.21.105]	0.837823059238972	0.0218591371964436	0.0381391373339956	0.102178666230589	0
3.4.21.107-RXN|(expasy) Peptidase Do [3.4.21.107]	0.946440100256283	0.000205575410706626	0.0498544945224808	0.00349982981052992	0
3.4.21.108-RXN|(expasy) HtrA2 peptidase [3.4.21.108]	0.940885699206974	0.00165411782995496	0.0162922296756894	0.0411679532873818	0
3.4.21.116-RXN|(expasy) SpoIVB peptidase [3.4.21.116]	0.902845157929707	0.0277797967716361	0.0204125726608158	0.0489624726378409	0
3.4.21.26-RXN|(expasy) Prolyl oligopeptidase [3.4.21.26]	0.927077650747878	0.0529913198624647	0.0147188458278789	0.00521218356177836	0
3.4.21.53-RXN|(expasy) Endopeptidase La [3.4.21.53]	0.709312682057869	0.259516894761721	9.93533536639722e-05	0.00389286691003218	0.0271782029167135
3.4.21.62-RXN|(expasy) Subtilisin [3.4.21.62]	0.841316022601531	0.0212092653422887	0.0335921253430069	0.103882586713173	0
3.4.21.88-RXN|(expasy) Repressor LexA [3.4.21.88]	0.749848622913378	0.00411089979796651	0.0196005661131676	0.139243829416075	0.0871960817594125
3.4.21.89-RXN|(expasy) Signal peptidase I [3.4.21.89]	0.694733446026637	0.209381866790935	0.00792352205838466	0.0879611651240428	0
3.4.21.92-RXN|(expasy) Endopeptidase Clp [3.4.21.92]	0.777379988111654	0.171944689076077	0.0189996465246897	0.0104865525137015	0.0211891237738781
3.4.22.40-RXN|(expasy) Bleomycin hydrolase [3.4.22.40]	0.89448216805082	0.0301423891570824	0.00788404907396429	0.00708603447975203	0.0604053592383817
3.4.23.43-RXN|(expasy) Prepilin peptidase [3.4.23.43]	0.810883366705609	0.180247966493239	0.00601716328763964	0.0028515035135126	0
3.4.24.55-RXN|(expasy) Pitrilysin [3.4.24.55]	0.621840384407143	0.25465019276703	0.000386270545542162	0.123123152280285	0
3.4.24.64-RXN|(expasy) Mitochondrial processing peptidase [3.4.24.64]	0.816054767402726	0.00589860395154983	0.137690008688129	0.0403566199575945	0
3.4.24.70-RXN|(expasy) Oligopeptidase A [3.4.24.70]	0.705978929058579	0.214670695032029	0.00740893124601342	0.0387644767950027	0.0331769678683762
3.4.24.71-RXN|(expasy) Endothelin-converting enzyme 1 [3.4.24.71]	0.974179642689509	0.0151105865973559	0.00941928396006381	0.00129048675307182	0
3.4.24.75-RXN|(expasy) Lysostaphin [3.4.24.75]	0.734778982961266	0.000113318674803476	0.0190453467225687	0.246062351641362	0
3.5.1.27-RXN|(expasy) Peptide deformylase [3.5.1.88]	0.734392936641438	0.0679002486506851	0.0500262779032377	0.147680536804639	0
3.5.1.77-RXN|(expasy) N-carbamoyl-D-amino-acid hydrolase [3.5.1.77]	0.858094062373429	0.000160899901011421	7.80688321348869e-05	0.141666968893425	0
3.5.1.80-RXN|(expasy) N-acetylglucosamine-6-phosphate deacetylase [3.5.1.25]	0.985027617517843	0.00398397611480953	0.00244753059053223	0.00854087577681528	0
3.5.1.88-RXN|(expasy) Peptide deformylase [3.5.1.88]	0.734392936641438	0.0679002486506851	0.0500262779032377	0.147680536804639	0
3.5.4.30-RXN|(expasy) dCTP deaminase (dUMP-forming) [3.5.4.30]	0.713580924562789	0.0238659920606968	0.214897180880095	0.0476559024964193	0
3.6.1.41-RXN|(expasy) Bis(5-nucleosyl)-tetraphosphatase (symmetrical) [3.6.1.41]	0.790885477681714	0.0747245001906495	0.003557571750795	0.0369589504593662	0.093873499917475
3.6.3.28-RXN|(expasy) ABC-type phosphonate transporter [7.3.2.2]	0.59689699510607	0.0610151307736276	0.150204635177179	0.00178393784531494	0.190099301097808
325-BISPHOSPHATE-NUCLEOTIDASE-RXN|(expasy) 3(2),5-bisphosphate nucleotidase [3.1.3.7]	0.978407290151638	0.00498073817511167	0.001111333350126	0.0155006383231247	0
3OHSTEROXRED-RXN|(expasy) 3-alpha-hydroxybile acid CoA 3-dehydrogenase [1.1.1.395]	0.789089944725067	0.0679277679250596	0.130033024624245	0.0129492627256283	0
3PGAREARR-RXN|(expasy) Phosphoglycerate mutase (2,3-diphosphoglycerate-independent) [5.4.2.12]	0.77309511799024	0.0359109183340786	0.0892889497678807	0.101705013907801	0
4-CARBOXYMUCONOLACTONE-DECARBOXYLASE-RXN|(expasy) 4-carboxymuconolactone decarboxylase [4.1.1.44]	0.92936269864828	0.0511577849366847	0.0194774185975527	2.09781748274714e-06	0
4.1.1.32-RXN|(expasy) Phosphoenolpyruvate carboxykinase (GTP) [4.1.1.32]	0.972072384668874	0.00373210088944016	0.0193632794354999	0.0048322350061861	0
4.1.1.82-RXN|(expasy) Phosphonopyruvate decarboxylase [4.1.1.82]	0.983559087141728	0.000611490137935703	0.0109334517454725	0.00489597097486384	0
4.1.1.83-RXN|(expasy) 4-hydroxyphenylacetate decarboxylase [4.1.1.83]	0.989515398181286	0.0058913669692047	0.0017036259072274	0.00288960894228153	0
4.1.2.29-RXN|(expasy) 5-dehydro-2-deoxyphosphogluconate aldolase [4.1.2.29]	0.929713489436916	0.0246042400525801	0.0149554588648644	0.0219724725067978	0.0087543391388417
4.1.2.42-RXN|(expasy) D-threonine aldolase [4.1.2.42]	0.902097976230778	0.0422302310950555	0.0172468544369356	0.0384249382372312	0
4.2.1.58-RXN|(metacyc) (3R)-3-hydroxybutanoyl-[acyl-carrier-protein] hydratase [4.2.1.59]	0.805846886871657	0.160765318629194	0.0174744366110255	0.0159133578881238	0
4.2.1.59-RXN|(expasy) 3-hydroxyacyl-[acyl-carrier-protein] dehydratase [4.2.1.59]	0.805846886871657	0.160765318629194	0.0174744366110255	0.0159133578881238	0
4.2.1.61-RXN|(expasy) 3-hydroxyacyl-[acyl-carrier-protein] dehydratase [4.2.1.59]	0.805846886871657	0.160765318629194	0.0174744366110255	0.0159133578881238	0
4.2.1.99-RXN|(expasy) 2-methylisocitrate dehydratase [4.2.1.99]	0.869734106118638	0.0825967504221928	0.0462716275499839	0.00139751590918528	0
4.2.2.2-RXN|(expasy) Pectate lyase [4.2.2.2]	0.763030426959608	0.052276602303475	0.0229959626620193	0.161697008074898	0
4.2.2.7-RXN|(expasy) Heparin lyase [4.2.2.7]	0.751120980877075	0.104369591629752	0.0284758964122718	0.116033531080902	0
4.2.2.8-RXN|(expasy) Heparin-sulfate lyase [4.2.2.8]	0.718293186176192	0.0101364057340981	0.0783527263502213	0.193217681739489	0
4.2.99.18-RXN|(expasy) DNA-(apurinic or apyrimidinic site) lyase [4.2.99.18]	0.6845451381278	0.151153239629243	0.000348903963938896	0.035943721161467	0.128008997117552
4.3.1.15-RXN|(expasy) Diaminopropionate ammonia-lyase [4.3.1.15]	0.956187251635275	0.00568566110178499	0.0345838073317765	0.00354327993116314	0
4.3.1.17-RXN|(expasy) L-serine ammonia-lyase [4.3.1.17]	0.835312979026255	0.0562930206166101	0.0163531559101339	0.0228288110855344	0.0692120333614661
4.3.1.4-RXN|(expasy) Formimidoyltetrahydrofolate cyclodeaminase [4.3.1.4]	0.750939310444452	0.121965571188107	0.0724509254350895	0.0546441929323514	0
4.99.1.3-RXN|(expasy) Sirohydrochlorin cobaltochelatase [4.99.1.3]	0.823207009382042	0.101734871448971	0.026567757627634	0.0484903615413532	0
4OH2OXOGLUTARALDOL-RXN|(expasy) 4-hydroxy-2-oxoglutarate aldolase [4.1.3.16]	0.82728192874312	0.0470906309811075	0.116365959406569	0.00926148086920342	0
5-DEHYDRO-2-DEOXYGLUCONOKINASE-RXN|(expasy) 5-dehydro-2-deoxygluconokinase [2.7.1.92]	0.906564273741137	0.0403964180067021	0.0396944543513678	0.0133448539007932	0
5-FORMYL-THF-CYCLO-LIGASE-RXN|(expasy) 5-formyltetrahydrofolate cyclo-ligase [6.3.3.2]	0.824215346534027	0.0909461492669326	0.0758647904526887	0.00897371374635145	0
5-METHYLTHIORIBOSE-KINASE-RXN|(expasy) S-methyl-5-thioribose kinase [2.7.1.100]	0.81155975372196	0.0561840105881861	0.0776994812157326	0.0545567544741213	0
5-NUCLEOTID-RXN|(expasy) 5-nucleotidase [3.1.3.5]	0.818117639115458	0.0959322723952947	0.0806629227920585	0.00528716569718833	0
5-OXOPROLINASE-ATP-HYDROLYSING-RXN|(expasy) 5-oxoprolinase (ATP-hydrolyzing) [3.5.2.9]	0.928380702766454	0.00543633875963865	0.0082424719398551	0.057940486534052	0
5.1.3.20-RXN|(expasy) ADP-glyceromanno-heptose 6-epimerase [5.1.3.20]	0.796470009073607	0.0153803956404033	0.119125474094392	0.0690241211915973	0
5.1.3.21-RXN|(expasy) Maltose epimerase [5.1.3.21]	0.976507941802335	0.00501980268841328	0.0184584185617882	1.38369474638549e-05	0
5.1.3.23-RXN|(expasy) UDP-2,3-diacetamido-2,3-dideoxyglucuronic acid 2-epimerase [5.1.3.23]	0.883277577954359	0.00738851259092796	0.00673538030483566	0.102598529149878	0
5.1.3.9-RXN|(expasy) N-acylglucosamine-6-phosphate 2-epimerase [5.1.3.9]	0.858055565393342	0.0120139188896725	0.0391393066813582	0.0828773497661516	0.00791385926947525
5.3.1.17-RXN|(expasy) 5-dehydro-4-deoxy-D-glucuronate isomerase [5.3.1.17]	0.689482147929049	0.187752201874198	0.108569078448271	0.0141965717484817	0
5.3.1.23-RXN|(expasy) S-methyl-5-thioribose-1-phosphate isomerase [5.3.1.23]	0.758663155773253	0.0388278375365216	0.0683098130971863	0.134199193593039	0
5.3.3.10-RXN|(expasy) 5-carboxymethyl-2-hydroxymuconate Delta-isomerase [5.3.3.10]	0.971208980172017	0.0076786772431723	0.00131865360312888	0.0197936889816821	0
5.4.1.2-RXN|(expasy) Precorrin-8X methylmutase [5.4.99.61]	0.628442457788989	0.0421975144707812	0.1141883359431	0.17498362714992	0.0401880646472096
5.4.2.10-RXN|(expasy) Phosphoglucosamine mutase [5.4.2.10]	0.806391613684253	0.0301510086936752	0.0532648966862092	0.106979100036492	0.00321338089937135
6-CARBOXYHEXANOATE--COA-LIGASE-RXN|(expasy) 6-carboxyhexanoate--CoA ligase [6.2.1.14]	0.784330779507363	0.0202459419697027	0.186160610735698	0.00926266778723571	0
6-PHOSPHO-BETA-GALACTOSIDASE-RXN|(expasy) 6-phospho-beta-galactosidase [3.2.1.85]	0.883399492184218	0.0187930009635584	0.0173929808631855	0.00682886876173234	0.0735856572273059
6-PHOSPHO-BETA-GLUCOSIDASE-RXN|(expasy) 6-phospho-beta-glucosidase [3.2.1.86]	0.843045728398324	0.000144772331978308	0.000900674885011087	0.000213722090696275	0.15569510229399
6.1.1.23-RXN|(expasy) Aspartate--tRNA(Asn) ligase [6.1.1.23]	0.790432742711046	0.109204977587912	0.049442338250203	0.050919941450839	0
6.3.2.10-RXN|(expasy) UDP-N-acetylmuramoyl-tripeptide--D-alanyl-D-alanine ligase [6.3.2.10]	0.845702830625727	0.108947315738498	0.000659503450947422	0.044690350184827	0
6.3.5.7-RXN|(expasy) Glutaminyl-tRNA synthase (glutamine-hydrolyzing) [6.3.5.7]	0.74969127183442	0.0753644283503	0.0147185079310173	0.160225791884262	0
6PFRUCTPHOS-RXN|(expasy) 6-phosphofructokinase [2.7.1.11]	0.953953244757405	0.0454864899422064	0.000423337827144883	0.000136927473243654	0
6PGLUCONOLACT-RXN|(expasy) 6-phosphogluconolactonase [3.1.1.31]	0.906881942931491	0.000785002312805878	0.0560866883984016	0.036246366357302	0
7KAPSYN-RXN|(expasy) 8-amino-7-oxononanoate synthase [2.3.1.47]	0.989377979371893	0.00783857073723894	0.00086282381038649	0.00192062608048161	0
ABC-23-RXN|(expasy) ABC-type phosphonate transporter [7.3.2.2]	0.59689699510607	0.0610151307736276	0.150204635177179	0.00178393784531494	0.190099301097808
ABC-27-RXN|(expasy) ABC-type phosphate transporter [7.3.2.1]	0.930144275152278	0.0195592553695977	0.000752544781021126	0.0368908727848978	0.0126530519122053
ACECOATRANS-RXN|(expasy) Acetate CoA-transferase [2.8.3.8]	0.767936145252693	0.175364529491403	0.0224178889430188	0.0342814363128856	0
ACETALD-DEHYDROG-RXN|(expasy) Acetaldehyde dehydrogenase (acetylating) [1.2.1.10]	0.901487727593072	0.00303529047139901	0.0930281627770926	0.00244881915843673	0
ACETATEKIN-RXN|(expasy) AMBIGUOUS [2.7.2.1; 2.7.2.15]	0.78477035968232	0.0839817678476769	0.130975218357817	0.00027265411218622	0
ACETOLACTATE-DECARBOXYLASE-RXN|(expasy) Acetolactate decarboxylase [4.1.1.5]	0.857500098863311	0.0106624529384927	0.0324133576215404	0.012194544060783	0.0872295465158728
ACETOLACTREDUCTOISOM-RXN|(expasy) Ketol-acid reductoisomerase (NADP(+)) [1.1.1.86]	0.714495619046556	0.180941533925246	0.090801854061513	0.0137609929666848	0
ACETOLACTSYN-RXN|(expasy) Acetolactate synthase [2.2.1.6]	0.82134917056748	0.00883062543401645	0.0376002831055332	0.132219920892971	0
ACETOOHBUTREDUCTOISOM-RXN|(expasy) Ketol-acid reductoisomerase (NADP(+)) [1.1.1.86]	0.714495619046556	0.180941533925246	0.090801854061513	0.0137609929666848	0
ACETOOHBUTSYN-RXN|(metacyc) 2-aceto-2-hydroxy-butyrate synthase [2.2.1.6]	0.82134917056748	0.00883062543401645	0.0376002831055332	0.132219920892971	0
ACETYL-COA-ACETYLTRANSFER-RXN|(expasy) AMBIGUOUS [2.3.1.16; 2.3.1.9]	0.652458022359321	0.0104962031569142	0.0300332876820066	0.00836026195393042	0.298652224847827
ACETYL-COA-CARBOXYLTRANSFER-RXN|(expasy) Acetyl-CoA carboxylase [6.4.1.2]	0.80940814439107	0.158398192981916	0.017965854716506	0.0142278079105077	0
ACETYLGLUTKIN-RXN|(expasy) Acetylglutamate kinase [2.7.2.8]	0.913246549890365	0.000595319429359575	0.0126974192726269	0.0734607114076487	0
ACETYLHOMOSER-CYS-RXN|(expasy) O-acetylhomoserine aminocarboxypropyltransferase [2.5.1.49]	0.846297607876196	0.137178497578783	0.0113059832515567	0.00521791129346407	0
ACETYLORNDEACET-RXN|(expasy) Acetylornithine deacetylase [3.5.1.16]	0.949499781744359	0.0039328458946658	0.00956473709516998	0.0370026352658054	0
ACETYLORNTRANSAM-RXN|(expasy) Acetylornithine transaminase [2.6.1.11]	0.893044062873245	0.00115636384719023	0.0398273615992027	0.065972211680362	0
ACETYLSYNCLTH-RXN|(expasy) CO-methylating acetyl-CoA synthase [2.3.1.169]	0.780473796828389	0.0695574625712028	0.00192682926220509	0.023861959244906	0.124179952093297
ACID-PHOSPHATASE-RXN|(expasy) Acid phosphatase [3.1.3.2]	0.836849174696121	0.0450849391920214	0.0574557072109114	0.0606101789009466	0
ACNEULY-RXN|(expasy) N-acetylneuraminate lyase [4.1.3.3]	0.87788907084806	0.117394874793285	0.0032420928270683	0.00147396153158695	0
ACSERLY-RXN|(expasy) Cysteine synthase [2.5.1.47]	0.898564030636246	0.000623852752053372	0.077270742490263	0.0235413741214375	0
