Residuals	timepoint	mouse_id
ASV1|Bacteroidota|Rikenellaceae|Alistipes	0.819337634786071	0.180662365213929	0
ASV2|Firmicutes|Lachnospiraceae|A2	0.589532741783812	0.171233611901208	0.23923364631498
ASV3|Bacteroidota|Muribaculaceae|unknown	0.599457801364758	0.335523789048099	0.0650184095871432
ASV4|Firmicutes|Lactobacillaceae|Lactobacillus	0.5579497825853	0.304804277838476	0.137245939576224
ASV10|Firmicutes|Lachnospiraceae|Lachnospiraceae NK4A136 group	0.649829987399149	0.226107960286843	0.124062052314009
ASV11|Bacteroidota|Bacteroidaceae|Bacteroides	0.409471706614094	0.503418908315658	0.0871093850702476
ASV13|Firmicutes|Lactobacillaceae|Ligilactobacillus	0.482197761734745	0.40463577204468	0.113166466220575
ASV15|Firmicutes|Lachnospiraceae|Lachnospiraceae UCG-001	0.393095319353845	0.50603427425305	0.100870406393105
ASV17|Firmicutes|Erysipelotrichaceae|Turicibacter	0.576281685758921	0.286644482987727	0.137073831253351
ASV18|Bacteroidota|Marinifilaceae|Odoribacter	0.788822558032433	0.0948478038619538	0.116329638105613
ASV27|Firmicutes|Lachnospiraceae|Marvinbryantia	0.898541955314555	0.00721270878021983	0.0942453359052254
ASV28|Bacteroidota|Prevotellaceae|Alloprevotella	0.795900257221463	0.204099742480494	2.98042733792812e-10
ASV33|Bacteroidota|Rikenellaceae|Rikenellaceae RC9 gut group	0.749131511258863	0.185012140632153	0.0658563481089836
ASV36|Firmicutes|Lachnospiraceae|Roseburia	0.617303662084926	0.270453826783817	0.112242511131258
ASV53|Firmicutes|unknown|unknown	0.766178548931657	0.12672366207577	0.107097788992573
ASV62|Campylobacterota|Helicobacteraceae|Helicobacter	0.553557692185049	0.446442307814944	7.45375815194895e-15
ASV63|Firmicutes|Lactobacillaceae|HT002	0.391317915703963	0.524517273399724	0.0841648108963135
ASV67|Firmicutes|Ruminococcaceae|Anaerotruncus	0.598220410487875	0.291913367070439	0.109866222441686
ASV68|Firmicutes|Lachnospiraceae|Lachnospiraceae FCS020 group	0.524012612218771	0.371447903013053	0.104539484768176
ASV73|Deferribacterota|Deferribacteraceae|Mucispirillum	0.528312233981296	0.299826604510333	0.171861161508371
ASV74|Cyanobacteria|unknown|unknown	0.952683442574862	0.0473165574251383	3.86758919684196e-19
ASV76|Firmicutes|Lachnospiraceae|unknown	0.412658510164159	0.422076537047014	0.165264952788828
ASV81|Bacteroidota|Prevotellaceae|Prevotellaceae UCG-001	0.497134014006193	0.3303447469063	0.172521239087507
ASV82|Bacteroidota|Tannerellaceae|Parabacteroides	0.391652212309728	0.549074831389622	0.05927295630065
ASV86|Bacteroidota|Muribaculaceae|Muribaculum	0.645795761212801	0.280216689249909	0.0739875495372899
ASV87|Proteobacteria|Sutterellaceae|Parasutterella	0.580333750604305	0.23229310246001	0.187373146935685
ASV88|Firmicutes|Lachnospiraceae|[Eubacterium] xylanophilum group	0.843270532753584	0.156729461146068	6.10034819066758e-09
ASV90|Firmicutes|Oscillospiraceae|Colidextribacter	0.745165954671495	0.0865264291878496	0.168307616140655
ASV93|Desulfobacterota|Desulfovibrionaceae|Desulfovibrio	0.94271353137111	9.1865047655248e-15	0.057286468628881
ASV99|Firmicutes|Oscillospiraceae|Oscillibacter	0.68993984821703	0.244506923165586	0.0655532286173838
ASV100|Firmicutes|Lachnospiraceae|Lachnoclostridium	0.585674592934987	0.344307095375616	0.0700183116893966
ASV105|Firmicutes|Clostridiaceae|Candidatus Arthromitus	0.4963936716206	0.124004106434549	0.379602221944851
ASV107|Firmicutes|Ruminococcaceae|unknown	0.48853128843269	0.284511144385298	0.226957567182012
ASV108|Firmicutes|Oscillospiraceae|unknown	0.588163147452554	0.200052911394193	0.211783941153254
ASV117|Actinobacteriota|Eggerthellaceae|Enterorhabdus	0.334437761193982	0.665562235484467	3.32155044770608e-09
ASV121|Firmicutes|[Eubacterium] coprostanoligenes group|unknown	0.762051185496129	0.0278043087319649	0.210144505771906
ASV126|Firmicutes|Ruminococcaceae|Ruminococcus	0.796586868180953	0.104850696853518	0.0985624349655291
ASV129|Firmicutes|Lachnospiraceae|Lachnospiraceae UCG-006	0.530231743371759	0.20046585012671	0.269302406501532
ASV137|Firmicutes|unknown|unknown	0.741978719504107	0.258021280495893	0
ASV138|Firmicutes|Lachnospiraceae|ASF356	0.735779893534268	0.151717978003558	0.112502128462174
ASV139|Firmicutes|Peptococcaceae|unknown	0.612653416224249	0.238173807230827	0.149172776544924
ASV147|Firmicutes|Peptostreptococcaceae|Romboutsia	0.841155546544505	1.6075852441485e-11	0.158844453439419
ASV148|Firmicutes|Anaerovoracaceae|[Eubacterium] nodatum group	0.575317016308386	0.357965576624333	0.0667174070672811
ASV161|Firmicutes|Oscillospiraceae|Intestinimonas	0.638250180098989	0.164597031799806	0.197152788101204
ASV169|Firmicutes|Ruminococcaceae|Negativibacillus	0.953967585354714	0.0460324146452856	0
ASV182|Firmicutes|Butyricicoccaceae|UCG-009	0.920096792710653	3.3785904420003e-10	0.0799032069514878
ASV188|Actinobacteriota|Atopobiaceae|Coriobacteriaceae UCG-002	0.65184289325517	0.0663522359386142	0.281804870806216
ASV190|Firmicutes|Erysipelotrichaceae|Faecalibaculum	0.903400272373714	0.0965997276026892	2.35964760856231e-11
ASV205|Firmicutes|Ruminococcaceae|Incertae Sedis	0.580139856249408	0.158891328336931	0.26096881541366
ASV215|Firmicutes|unknown|unknown	0.7327629514282	0.088627800516554	0.178609248055246
ASV226|Firmicutes|Ruminococcaceae|[Eubacterium] siraeum group	0.584784711274646	0.18426757521624	0.230947713509114
ASV228|Firmicutes|UCG-010|unknown	0.542346607277372	0.263469875286153	0.194183517436475
ASV233|Firmicutes|Lachnospiraceae|GCA-900066575	0.764634313529947	0.0712107921545382	0.164154894315515
ASV234|Firmicutes|Christensenellaceae|Christensenellaceae R-7 group	0.525998498858665	0.329180844354201	0.144820656787134
ASV238|Firmicutes|Lachnospiraceae|Tuzzerella	0.976102740532024	0.0238972594679554	2.10288323588676e-14
ASV240|Desulfobacterota|Desulfovibrionaceae|Bilophila	0.890047244674386	0.109952755325614	0
ASV245|Firmicutes|Butyricicoccaceae|Butyricicoccus	0.528882401866287	0.275908188655025	0.195209409478687
ASV261|Desulfobacterota|Desulfovibrionaceae|unknown	0.657710957802897	0.342289042197103	0
ASV262|Firmicutes|Lachnospiraceae|Tyzzerella	0.56407605065076	0.179439796446618	0.256484152902622
ASV263|Firmicutes|Lachnospiraceae|Blautia	0.986627062920724	2.69395777364658e-13	0.0133729370790061
ASV275|Patescibacteria|Saccharimonadaceae|Candidatus Saccharimonas	0.56091710642056	0.326670783623695	0.112412109955745
ASV301|Firmicutes|Lachnospiraceae|Acetatifactor	0.766316270276373	0.105017500709729	0.128666229013897
ASV419|Firmicutes|Anaerovoracaceae|Family XIII UCG-001	0.626237379557444	0.241272745800155	0.132489874642401
