Residuals	timepoint	mouse_id
ASV1|Bacteroidota|Rikenellaceae	0.737054228172567	0.262945768785995	3.0414386302646e-09
ASV3|Bacteroidota|Muribaculaceae	0.601574493603744	0.327766020622065	0.070659485774191
ASV4|Firmicutes|Lactobacillaceae	0.403044581910318	0.510590302934655	0.0863651151550269
ASV11|Bacteroidota|Bacteroidaceae	0.371980760112014	0.532988255894123	0.0950309839938625
ASV15|Firmicutes|Lachnospiraceae	0.526109714637743	0.326792555679293	0.147097729682964
ASV17|Firmicutes|Erysipelotrichaceae	0.664511442294961	0.294421989575808	0.0410665681292311
ASV18|Bacteroidota|Marinifilaceae	0.721441059235795	0.0842044436015168	0.194354497162689
ASV28|Bacteroidota|Prevotellaceae	0.686577044957005	0.313422955042995	0
ASV53|Firmicutes|unknown	0.708101634689102	0.198478577505218	0.0934197878056798
ASV62|Campylobacterota|Helicobacteraceae	0.514826988138434	0.485173011861566	0
ASV67|Firmicutes|Ruminococcaceae	0.695453426416886	0.212498159565639	0.0920484140174749
ASV73|Deferribacterota|Deferribacteraceae	0.539782735432747	0.303967567149824	0.156249697417429
ASV74|Cyanobacteria|unknown	0.983315370742772	0.0166846292572275	7.56457353447841e-20
ASV82|Bacteroidota|Tannerellaceae	0.344122967134206	0.598425243410085	0.0574517894557092
ASV87|Proteobacteria|Sutterellaceae	0.589631064756894	0.206518311488931	0.203850623754175
ASV93|Desulfobacterota|Desulfovibrionaceae	0.944922413587864	0.055077540269893	4.61422427763628e-08
ASV99|Firmicutes|Oscillospiraceae	0.675808802499449	0.186820503070772	0.137370694429779
ASV105|Firmicutes|Clostridiaceae	0.461603943126556	0.15487011886811	0.383525938005334
ASV117|Actinobacteriota|Eggerthellaceae	0.271528475897496	0.72833860551977	0.000132918582734529
ASV121|Firmicutes|[Eubacterium] coprostanoligenes group	0.774036166974136	0.0241069113798911	0.201856921645973
ASV137|Firmicutes|unknown	0.770730251242634	0.229269748757366	0
ASV139|Firmicutes|Peptococcaceae	0.600856202472454	0.222845459773367	0.176298337754179
ASV147|Firmicutes|Peptostreptococcaceae	0.845570644448812	0	0.154429355551188
ASV148|Firmicutes|Anaerovoracaceae	0.888314345339036	0.111685654660964	0
ASV182|Firmicutes|Butyricicoccaceae	0.509795705806564	0.323814906068661	0.166389388124775
ASV215|Firmicutes|unknown	0.733747176300305	0.0672204322885211	0.199032391411174
