Residuals	genotype	number_of_pups_scaled	weight_grams_scaled	lipocalin2_pg_ml_scaled
ASV1|Bacteroidota|Rikenellaceae|Alistipes.spec.	0.943185639966489	0.0256261238885358	0.0157702820061511	0.0139559490811477	0.00146200505767641
ASV2|Firmicutes|Lachnospiraceae|A2.spec.	0.893218954799907	0.0196717190815194	0.0464232460655453	0.0224314956480077	0.0182545844050208
ASV4|Firmicutes|Lactobacillaceae|Lactobacillus.johnsonii	0.940993496897504	0	0.0515271898989726	0.00674931388679573	0.00072999931672725
ASV9|Bacteroidota|Muribaculaceae|unknown.spec.	0.810501242533133	0.0281585122070815	0.0932869011296546	0.0620867996178697	0.00596654451226087
ASV10|Firmicutes|Lachnospiraceae|Lachnospiraceae NK4A136 group.spec.	0.395472757048669	0.487536186352985	0.045234550696761	0.00015809840973459	0.0715984074918505
ASV11|Bacteroidota|Bacteroidaceae|Bacteroides.acidifaciens	0.838243463446189	0.0868050382941422	0.0559009130468011	0.0155708907820049	0.00347969443086322
ASV13|Firmicutes|Lactobacillaceae|Ligilactobacillus.spec.	0.775696351299885	0.0987075559312323	0.02088224076804	0.0322543147727281	0.0724595372281151
ASV14|Firmicutes|Lachnospiraceae|Lachnospiraceae NK4A136 group.bacterium	0.983147078521677	0	0.0129458958619815	0.00367909025006854	0.000227935366273125
ASV15|Firmicutes|Lachnospiraceae|Lachnospiraceae UCG-001.spec.	0.617700301564814	0.292008463303089	0.024601842877104	0.0431384533097927	0.0225509389452002
ASV17|Firmicutes|Erysipelotrichaceae|Turicibacter.spec.	0.264294387784775	0.546126778558621	0.0513322224954529	0.00109087358862226	0.137155737572529
ASV18|Bacteroidota|Marinifilaceae|Odoribacter.spec.	0.930359698698767	0	0.0622803210737689	0.000857852910314496	0.00650212731714924
ASV27|Firmicutes|Lachnospiraceae|Marvinbryantia.spec.	0.810942462353391	0	0.0647000884368762	0.0857277038682972	0.0386297453414352
ASV28|Bacteroidota|Prevotellaceae|Alloprevotella.spec.	0.558173402296019	0.0805381019512411	0.0172690838176169	0.336860587217121	0.00715882471800212
ASV33|Bacteroidota|Rikenellaceae|Rikenellaceae RC9 gut group.spec.	0.935856801390738	0	0.0116335704538808	0.0221568373122397	0.0303527908431417
ASV36|Firmicutes|Lachnospiraceae|Roseburia.spec.	0.452376468151822	0.523410234290133	0.014762543605665	0.00423573854942122	0.0052150154029589
ASV45|Firmicutes|Lactobacillaceae|Lactobacillus.intestinalis	0.888943335275468	0	0.016992912169118	0.0939796490537547	8.41035016588624e-05
ASV48|Bacteroidota|Bacteroidaceae|Bacteroides.spec.	0.980257760659251	0	0.0177041844428315	0.00200687505634659	3.11798415707858e-05
ASV52|Firmicutes|Lactobacillaceae|Lactobacillus.gasseri	0.843294116257355	0	0.0178029705014654	0.1012626421356	0.0376402711055796
ASV53|Firmicutes|unknown|unknown.spec.	0.985425134927043	0	0.000840329495937204	0.0117751865366115	0.00195934904040854
ASV62|Campylobacterota|Helicobacteraceae|Helicobacter.hepaticus	0.864363111448092	0	0.109081043640434	0.00969491258042315	0.0168609323310512
ASV63|Firmicutes|Lactobacillaceae|HT002.spec.	0.943371720051762	0	0.00284680963596031	0.00505112767207946	0.048730342640198
ASV67|Firmicutes|Ruminococcaceae|Anaerotruncus.spec.	0.836826846039605	0.133327147013733	0.000365110635234355	0.0287339480492431	0.000746948262184718
ASV68|Firmicutes|Lachnospiraceae|Lachnospiraceae FCS020 group.spec.	0.343715090422643	0.458802460307322	0.125966983420108	0.0559290192786099	0.0155864465713177
ASV74|Cyanobacteria|unknown|unknown.spec.	0.898330660419453	0	0.0877137020176559	0.0104765965240651	0.00347904103882566
ASV76|Firmicutes|Lachnospiraceae|unknown.spec.	0.334444861683111	0.583419716742094	0.0386587753821039	9.58296861725108e-05	0.0433808165065186
ASV82|Bacteroidota|Tannerellaceae|Parabacteroides.distasonis	0.519063833569611	0.456551294535096	5.99562141815855e-06	0.0225591668374814	0.00181970943639398
ASV86|Bacteroidota|Muribaculaceae|Muribaculum.spec.	0.807902393872742	0.117313939686168	0.0357022811173718	0.0303630207250032	0.0087183645987149
ASV88|Firmicutes|Lachnospiraceae|[Eubacterium] xylanophilum group.spec.	0.76874625148718	0	0.199247586262037	0.0111323105832868	0.0208738516674971
ASV90|Firmicutes|Oscillospiraceae|Colidextribacter.spec.	0.301299429968992	0.60597553601742	0.0390623129750244	0.00385659051151193	0.0498061305270509
ASV93|Desulfobacterota|Desulfovibrionaceae|Desulfovibrio.spec.	0.8273511421972	0	0.0808953054425405	0.0325776714339951	0.0591758809262642
ASV99|Firmicutes|Oscillospiraceae|Oscillibacter.spec.	0.584100769670063	0.326694423249501	0.0390410972296788	0.0310026382722838	0.0191610715784732
ASV100|Firmicutes|Lachnospiraceae|Lachnoclostridium.spec.	0.466387883483178	0.475790957760656	0.0336705038814299	0.000145182893640902	0.0240054719810951
ASV101|Proteobacteria|Sutterellaceae|Parasutterella.spec.	0.835836279975911	0.0967978344019047	0.0178695178802819	0.0490896339744046	0.000406733767497982
ASV105|Firmicutes|Clostridiaceae|Candidatus Arthromitus.spec.	0.70589671830158	0.0370892753793272	7.16424371283514e-07	0.157218056964143	0.0997952329305782
ASV107|Firmicutes|Ruminococcaceae|unknown.spec.	0.579258922817711	0.296380484822254	0.0660075183027936	0.0271062084805283	0.0312468655767129
ASV108|Firmicutes|Oscillospiraceae|unknown.spec.	0.495896544186913	0.464753309241819	0.00170693496468196	0.00409231437419042	0.0335508972323956
ASV117|Actinobacteriota|Eggerthellaceae|Enterorhabdus.spec.	0.757860718907477	0	0.178645925584629	0.038789304969598	0.0247040505382957
ASV121|Firmicutes|[Eubacterium] coprostanoligenes group|unknown.spec.	0.838294096423647	0.081422373231891	0.072477352412322	0.00542073653669374	0.00238544139544628
ASV129|Firmicutes|Lachnospiraceae|Lachnospiraceae UCG-006.spec.	0.502958928467153	0.335791556826324	0.000198409347896739	0.0932593612197978	0.0677917441388284
ASV137|Firmicutes|unknown|unknown.spec.	0.779250096023308	0.0772910508438466	0.103044948031904	0.000624380096893848	0.0397895250040479
ASV138|Firmicutes|Lachnospiraceae|ASF356.spec.	0.628245398166425	0.284455833535806	0.00233615125624089	0.0836118413945854	0.00135077564694252
ASV139|Firmicutes|Peptococcaceae|unknown.spec.	0.387126631082315	0.396026448347847	0.137373797660804	0.000607903840509185	0.0788652190685246
ASV148|Firmicutes|Anaerovoracaceae|[Eubacterium] nodatum group.spec.	0.5890801363085	0.126370627574265	0.256328859868847	0.0276887760392867	0.000531600209100666
ASV161|Firmicutes|Oscillospiraceae|Intestinimonas.spec.	0.484101553006711	0.352235509719691	0.0148400416046443	0.0725753178262158	0.0762475778427378
ASV169|Firmicutes|Ruminococcaceae|Negativibacillus.spec.	0.681629298837096	0.221571853175639	0.0148120505421634	0.0180040043694311	0.0639827930756706
ASV182|Firmicutes|Butyricicoccaceae|UCG-009.spec.	0.812966192170917	0	0.133911540698807	0.000516271731583232	0.0526059953986927
ASV188|Actinobacteriota|Atopobiaceae|Coriobacteriaceae UCG-002.spec.	0.508069968163084	0.436909060118979	0.00668239419915315	0.0139986530126789	0.0343399245061042
ASV205|Firmicutes|Ruminococcaceae|Incertae Sedis.spec.	0.731891772564532	0.214922503785752	0.00205697351051627	0.0234404015301972	0.027688348609002
ASV229|Firmicutes|Butyricicoccaceae|Butyricicoccus.spec.	0.485538433611397	0.448101234078146	0.0641671442104868	0.000196749877608253	0.00199643822236205
ASV233|Firmicutes|Lachnospiraceae|GCA-900066575.spec.	0.380995865790878	0.524817869708383	0.00842724782127778	0.0446380030584689	0.041121013620992
ASV262|Firmicutes|Lachnospiraceae|Tyzzerella.spec.	0.820907319926939	0.0405529323834595	0.0784734572662298	0.0564231732236903	0.00364311719968113
