Residuals	genotype	number_of_pups_scaled	weight_grams_scaled	lipocalin2_pg_ml_scaled
ASV1|Bacteroidota|Rikenellaceae	0.493051225534553	0.429324328895231	0.0295758241270463	0.0322824280879984	0.0157661933551715
ASV2|Firmicutes|Lachnospiraceae	0.44764278347606	0.502804121829662	0.0247178084447745	0.00137100526352796	0.0234642809859762
ASV4|Firmicutes|Lactobacillaceae	0.88787365948771	0	0.0820489184028469	6.31930726946354e-05	0.030014229036748
ASV9|Bacteroidota|Muribaculaceae	0.764363489592823	0	0.138832196621551	0.0882673277239019	0.00853698606172375
ASV17|Firmicutes|Erysipelotrichaceae	0.321661470159866	0.501493186962874	0.040977838845315	4.82234206705485e-05	0.135819280611275
ASV18|Bacteroidota|Marinifilaceae	0.650833899135032	0.270252600743124	0.0689830759541244	0.0098320509491855	9.8373218534071e-05
ASV28|Bacteroidota|Prevotellaceae	0.520737604540573	0.11181325582347	0.0894744976135404	0.219686590293119	0.0582880517292971
ASV48|Bacteroidota|Bacteroidaceae	0.933947416914177	0	0.0653414852264001	0.000611136927565682	9.99609318575645e-05
ASV53|Firmicutes|unknown	0.795281458826512	0.178197171100914	0.00389916194064729	0.0164430514094922	0.00617915672243491
ASV62|Campylobacterota|Helicobacteraceae	0.849561902880944	0	0.114255470769729	0.00729711272837963	0.0288855136209475
ASV67|Firmicutes|Ruminococcaceae	0.685339148778296	0.290907070806785	0.00680694942876495	0.00838453941283381	0.00856229157332005
ASV74|Cyanobacteria|unknown	0.86703366574816	0.0262777126309014	0.0919459212015514	0.0117071435460337	0.00303555687335349
ASV93|Desulfobacterota|Desulfovibrionaceae	0.857676647036846	0	0.0465181922037314	0.0470831629019963	0.0487219978574269
ASV101|Proteobacteria|Sutterellaceae	0.880680850264083	0.0355339502728736	0.0130209203720328	0.0703615470671527	0.000402732023857889
ASV105|Firmicutes|Clostridiaceae	0.661491124267762	0.0859370745914993	0.000387033161753434	0.135722206483289	0.116462561495696
ASV108|Firmicutes|Oscillospiraceae	0.439762380336983	0.51333924355326	0.0135678039611203	0.000668097042544997	0.0326624751060919
ASV117|Actinobacteriota|Eggerthellaceae	0.670426573831057	0.119107876586335	0.158401111197912	0.0427575604356887	0.0093068779490067
ASV121|Firmicutes|[Eubacterium] coprostanoligenes group	0.883753123420329	0.0325527241771005	0.0740077892518741	0.00365592262879868	0.00603044052189734
ASV137|Firmicutes|unknown	0.873986735602231	0	0.0976904335604146	6.7737566927886e-07	0.0283221534616853
ASV148|Firmicutes|Anaerovoracaceae	0.836213327072551	0	0.154713682426074	0.00751552767883158	0.00155746282254361
ASV229|Firmicutes|Butyricicoccaceae	0.519154853301084	0.454797423596616	0.0223678581444307	0.000270663020827218	0.00340920193704245
